Original matrix is:
[[-1, 1, -1, 0, 0, 0, 0, 0, 0, 0, 0, 0, 0], [0, -1, 1, 0.12, 0.28, 0.44, 0.6, -1, 0, 0, 0, 0, 0], [0, -1, 1, 0, -0.04, 0.08, 0.2, 0, -1, 0, 0, 0, 0], [0, -1, 1, 0.04, 0, -0.28, -0.2, 0, 0, -1, 0, 0, 0], [0, -1, 1, -0.08, 0.28, 0, -0.6, 0, 0, 0, -1, 0, 0], [0, -1, 1, -0.2, 0.2, 0.6, 0, 0, 0, 0, 0, -1, 0], [0, 0, 0, 1, 1, 1, 1, 0, 0, 0, 0, 0, 1]]
New problem is: 
[[ 1.    0.    0.    0.    0.    0.    0.    0.    0.    0.    0.    0.    0.   -1.   -1.   -1.
  -1.   -1.   -1.    0.  ]
 [ 0.   -1.    1.   -1.    0.    0.    0.    0.    0.    0.    0.    0.    0.    0.    0.    0.
   0.    0.    0.    0.  ]
 [ 0.    0.   -1.    1.    0.12  0.28  0.44  0.6  -1.    0.    0.    0.    0.    1.    0.    0.
   0.    0.    0.    0.  ]
 [ 0.    0.   -1.    1.    0.   -0.04  0.08  0.2   0.   -1.    0.    0.    0.    0.    1.    0.
   0.    0.    0.    0.  ]
 [ 0.    0.   -1.    1.    0.04  0.   -0.28 -0.2   0.    0.   -1.    0.    0.    0.    0.    1.
   0.    0.    0.    0.  ]
 [ 0.    0.   -1.    1.   -0.08  0.28  0.   -0.6   0.    0.    0.   -1.    0.    0.    0.    0.
   1.    0.    0.    0.  ]
 [ 0.    0.   -1.    1.   -0.2   0.2   0.6   0.    0.    0.    0.    0.   -1.    0.    0.    0.
   0.    1.    0.    0.  ]
 [ 0.    0.    0.    0.    1.    1.    1.    1.    0.    0.    0.    0.    0.    0.    0.    0.
   0.    0.    1.    1.  ]]
Canonical form of new prob is: 
[[ 1.    0.   -5.    5.    0.88  1.72  1.84  1.   -1.   -1.   -1.   -1.   -1.    0.    0.    0.
   0.    0.    0.    1.  ]
 [ 0.   -1.    1.   -1.    0.    0.    0.    0.    0.    0.    0.    0.    0.    0.    0.    0.
   0.    0.    0.    0.  ]
 [ 0.    0.   -1.    1.    0.12  0.28  0.44  0.6  -1.    0.    0.    0.    0.    1.    0.    0.
   0.    0.    0.    0.  ]
 [ 0.    0.   -1.    1.    0.   -0.04  0.08  0.2   0.   -1.    0.    0.    0.    0.    1.    0.
   0.    0.    0.    0.  ]
 [ 0.    0.   -1.    1.    0.04  0.   -0.28 -0.2   0.    0.   -1.    0.    0.    0.    0.    1.
   0.    0.    0.    0.  ]
 [ 0.    0.   -1.    1.   -0.08  0.28  0.   -0.6   0.    0.    0.   -1.    0.    0.    0.    0.
   1.    0.    0.    0.  ]
 [ 0.    0.   -1.    1.   -0.2   0.2   0.6   0.    0.    0.    0.    0.   -1.    0.    0.    0.
   0.    1.    0.    0.  ]
 [ 0.    0.    0.    0.    1.    1.    1.    1.    0.    0.    0.    0.    0.    0.    0.    0.
   0.    0.    1.    1.  ]]
Correct Canonical Form
column can still be optimized
[[ 1.    0.   -5.    5.    0.88  1.72  1.84  1.   -1.   -1.   -1.   -1.   -1.    0.    0.    0.
   0.    0.    0.    1.  ]
 [ 0.   -1.    1.   -1.    0.    0.    0.    0.    0.    0.    0.    0.    0.    0.    0.    0.
   0.    0.    0.    0.  ]
 [ 0.    0.   -1.    1.    0.12  0.28  0.44  0.6  -1.    0.    0.    0.    0.    1.    0.    0.
   0.    0.    0.    0.  ]
 [ 0.    0.   -1.    1.    0.   -0.04  0.08  0.2   0.   -1.    0.    0.    0.    0.    1.    0.
   0.    0.    0.    0.  ]
 [ 0.    0.   -1.    1.    0.04  0.   -0.28 -0.2   0.    0.   -1.    0.    0.    0.    0.    1.
   0.    0.    0.    0.  ]
 [ 0.    0.   -1.    1.   -0.08  0.28  0.   -0.6   0.    0.    0.   -1.    0.    0.    0.    0.
   1.    0.    0.    0.  ]
 [ 0.    0.   -1.    1.   -0.2   0.2   0.6   0.    0.    0.    0.    0.   -1.    0.    0.    0.
   0.    1.    0.    0.  ]
 [ 0.    0.    0.    0.    1.    1.    1.    1.    0.    0.    0.    0.    0.    0.    0.    0.
   0.    0.    1.    1.  ]]
Not solved
[[ 1.    0.   -5.    5.    0.88  1.72  1.84  1.   -1.   -1.   -1.   -1.   -1.    0.    0.    0.
   0.    0.    0.    1.  ]
 [ 0.   -1.    1.   -1.    0.    0.    0.    0.    0.    0.    0.    0.    0.    0.    0.    0.
   0.    0.    0.    0.  ]
 [ 0.    0.   -1.    1.    0.12  0.28  0.44  0.6  -1.    0.    0.    0.    0.    1.    0.    0.
   0.    0.    0.    0.  ]
 [ 0.    0.   -1.    1.    0.   -0.04  0.08  0.2   0.   -1.    0.    0.    0.    0.    1.    0.
   0.    0.    0.    0.  ]
 [ 0.    0.   -1.    1.    0.04  0.   -0.28 -0.2   0.    0.   -1.    0.    0.    0.    0.    1.
   0.    0.    0.    0.  ]
 [ 0.    0.   -1.    1.   -0.08  0.28  0.   -0.6   0.    0.    0.   -1.    0.    0.    0.    0.
   1.    0.    0.    0.  ]
 [ 0.    0.   -1.    1.   -0.2   0.2   0.6   0.    0.    0.    0.    0.   -1.    0.    0.    0.
   0.    1.    0.    0.  ]
 [ 0.    0.    0.    0.    1.    1.    1.    1.    0.    0.    0.    0.    0.    0.    0.    0.
   0.    0.    1.    1.  ]]
stalling pivot completed
[[ 1.    0.    0.    0.    0.28  0.32 -0.36 -2.    4.   -1.   -1.   -1.   -1.   -5.    0.    0.
   0.    0.    0.    1.  ]
 [ 0.   -1.    1.   -1.    0.    0.    0.    0.    0.    0.    0.    0.    0.    0.    0.    0.
   0.    0.    0.    0.  ]
 [ 0.    0.   -1.    1.    0.12  0.28  0.44  0.6  -1.    0.    0.    0.    0.    1.    0.    0.
   0.    0.    0.    0.  ]
 [ 0.    0.   -1.    1.    0.   -0.04  0.08  0.2   0.   -1.    0.    0.    0.    0.    1.    0.
   0.    0.    0.    0.  ]
 [ 0.    0.   -1.    1.    0.04  0.   -0.28 -0.2   0.    0.   -1.    0.    0.    0.    0.    1.
   0.    0.    0.    0.  ]
 [ 0.    0.   -1.    1.   -0.08  0.28  0.   -0.6   0.    0.    0.   -1.    0.    0.    0.    0.
   1.    0.    0.    0.  ]
 [ 0.    0.   -1.    1.   -0.2   0.2   0.6   0.    0.    0.    0.    0.   -1.    0.    0.    0.
   0.    1.    0.    0.  ]
 [ 0.    0.    0.    0.    1.    1.    1.    1.    0.    0.    0.    0.    0.    0.    0.    0.
   0.    0.    1.    1.  ]]
stalling pivot completed
[[ 1.    0.    0.    0.    0.28  0.32 -0.36 -2.    4.   -1.   -1.   -1.   -1.   -5.    0.    0.
   0.    0.    0.    1.  ]
 [ 0.   -1.    0.    0.    0.12  0.28  0.44  0.6  -1.    0.    0.    0.    0.    1.    0.    0.
   0.    0.    0.    0.  ]
 [ 0.    0.   -1.    1.    0.12  0.28  0.44  0.6  -1.    0.    0.    0.    0.    1.    0.    0.
   0.    0.    0.    0.  ]
 [ 0.    0.   -1.    1.    0.   -0.04  0.08  0.2   0.   -1.    0.    0.    0.    0.    1.    0.
   0.    0.    0.    0.  ]
 [ 0.    0.   -1.    1.    0.04  0.   -0.28 -0.2   0.    0.   -1.    0.    0.    0.    0.    1.
   0.    0.    0.    0.  ]
 [ 0.    0.   -1.    1.   -0.08  0.28  0.   -0.6   0.    0.    0.   -1.    0.    0.    0.    0.
   1.    0.    0.    0.  ]
 [ 0.    0.   -1.    1.   -0.2   0.2   0.6   0.    0.    0.    0.    0.   -1.    0.    0.    0.
   0.    1.    0.    0.  ]
 [ 0.    0.    0.    0.    1.    1.    1.    1.    0.    0.    0.    0.    0.    0.    0.    0.
   0.    0.    1.    1.  ]]
stalling pivot completed
[[ 1.    0.    0.    0.    0.28  0.32 -0.36 -2.    4.   -1.   -1.   -1.   -1.   -5.    0.    0.
   0.    0.    0.    1.  ]
 [ 0.   -1.    0.    0.    0.12  0.28  0.44  0.6  -1.    0.    0.    0.    0.    1.    0.    0.
   0.    0.    0.    0.  ]
 [ 0.    0.   -1.    1.    0.12  0.28  0.44  0.6  -1.    0.    0.    0.    0.    1.    0.    0.
   0.    0.    0.    0.  ]
 [ 0.    0.    0.    0.   -0.12 -0.32 -0.36 -0.4   1.   -1.    0.    0.    0.   -1.    1.    0.
   0.    0.    0.    0.  ]
 [ 0.    0.   -1.    1.    0.04  0.   -0.28 -0.2   0.    0.   -1.    0.    0.    0.    0.    1.
   0.    0.    0.    0.  ]
 [ 0.    0.   -1.    1.   -0.08  0.28  0.   -0.6   0.    0.    0.   -1.    0.    0.    0.    0.
   1.    0.    0.    0.  ]
 [ 0.    0.   -1.    1.   -0.2   0.2   0.6   0.    0.    0.    0.    0.   -1.    0.    0.    0.
   0.    1.    0.    0.  ]
 [ 0.    0.    0.    0.    1.    1.    1.    1.    0.    0.    0.    0.    0.    0.    0.    0.
   0.    0.    1.    1.  ]]
stalling pivot completed
[[ 1.    0.    0.    0.    0.28  0.32 -0.36 -2.    4.   -1.   -1.   -1.   -1.   -5.    0.    0.
   0.    0.    0.    1.  ]
 [ 0.   -1.    0.    0.    0.12  0.28  0.44  0.6  -1.    0.    0.    0.    0.    1.    0.    0.
   0.    0.    0.    0.  ]
 [ 0.    0.   -1.    1.    0.12  0.28  0.44  0.6  -1.    0.    0.    0.    0.    1.    0.    0.
   0.    0.    0.    0.  ]
 [ 0.    0.    0.    0.   -0.12 -0.32 -0.36 -0.4   1.   -1.    0.    0.    0.   -1.    1.    0.
   0.    0.    0.    0.  ]
 [ 0.    0.    0.    0.   -0.08 -0.28 -0.72 -0.8   1.    0.   -1.    0.    0.   -1.    0.    1.
   0.    0.    0.    0.  ]
 [ 0.    0.   -1.    1.   -0.08  0.28  0.   -0.6   0.    0.    0.   -1.    0.    0.    0.    0.
   1.    0.    0.    0.  ]
 [ 0.    0.   -1.    1.   -0.2   0.2   0.6   0.    0.    0.    0.    0.   -1.    0.    0.    0.
   0.    1.    0.    0.  ]
 [ 0.    0.    0.    0.    1.    1.    1.    1.    0.    0.    0.    0.    0.    0.    0.    0.
   0.    0.    1.    1.  ]]
stalling pivot completed
[[ 1.    0.    0.    0.    0.28  0.32 -0.36 -2.    4.   -1.   -1.   -1.   -1.   -5.    0.    0.
   0.    0.    0.    1.  ]
 [ 0.   -1.    0.    0.    0.12  0.28  0.44  0.6  -1.    0.    0.    0.    0.    1.    0.    0.
   0.    0.    0.    0.  ]
 [ 0.    0.   -1.    1.    0.12  0.28  0.44  0.6  -1.    0.    0.    0.    0.    1.    0.    0.
   0.    0.    0.    0.  ]
 [ 0.    0.    0.    0.   -0.12 -0.32 -0.36 -0.4   1.   -1.    0.    0.    0.   -1.    1.    0.
   0.    0.    0.    0.  ]
 [ 0.    0.    0.    0.   -0.08 -0.28 -0.72 -0.8   1.    0.   -1.    0.    0.   -1.    0.    1.
   0.    0.    0.    0.  ]
 [ 0.    0.    0.    0.   -0.2   0.   -0.44 -1.2   1.    0.    0.   -1.    0.   -1.    0.    0.
   1.    0.    0.    0.  ]
 [ 0.    0.   -1.    1.   -0.2   0.2   0.6   0.    0.    0.    0.    0.   -1.    0.    0.    0.
   0.    1.    0.    0.  ]
 [ 0.    0.    0.    0.    1.    1.    1.    1.    0.    0.    0.    0.    0.    0.    0.    0.
   0.    0.    1.    1.  ]]
stalling pivot completed
[[ 1.    0.    0.    0.    0.28  0.32 -0.36 -2.    4.   -1.   -1.   -1.   -1.   -5.    0.    0.
   0.    0.    0.    1.  ]
 [ 0.   -1.    0.    0.    0.12  0.28  0.44  0.6  -1.    0.    0.    0.    0.    1.    0.    0.
   0.    0.    0.    0.  ]
 [ 0.    0.   -1.    1.    0.12  0.28  0.44  0.6  -1.    0.    0.    0.    0.    1.    0.    0.
   0.    0.    0.    0.  ]
 [ 0.    0.    0.    0.   -0.12 -0.32 -0.36 -0.4   1.   -1.    0.    0.    0.   -1.    1.    0.
   0.    0.    0.    0.  ]
 [ 0.    0.    0.    0.   -0.08 -0.28 -0.72 -0.8   1.    0.   -1.    0.    0.   -1.    0.    1.
   0.    0.    0.    0.  ]
 [ 0.    0.    0.    0.   -0.2   0.   -0.44 -1.2   1.    0.    0.   -1.    0.   -1.    0.    0.
   1.    0.    0.    0.  ]
 [ 0.    0.    0.    0.   -0.32 -0.08  0.16 -0.6   1.    0.    0.    0.   -1.   -1.    0.    0.
   0.    1.    0.    0.  ]
 [ 0.    0.    0.    0.    1.    1.    1.    1.    0.    0.    0.    0.    0.    0.    0.    0.
   0.    0.    1.    1.  ]]
stalling pivot completed
[[ 1.    0.    0.    0.    0.28  0.32 -0.36 -2.    4.   -1.   -1.   -1.   -1.   -5.    0.    0.
   0.    0.    0.    1.  ]
 [ 0.   -1.    0.    0.    0.12  0.28  0.44  0.6  -1.    0.    0.    0.    0.    1.    0.    0.
   0.    0.    0.    0.  ]
 [ 0.    0.   -1.    1.    0.12  0.28  0.44  0.6  -1.    0.    0.    0.    0.    1.    0.    0.
   0.    0.    0.    0.  ]
 [ 0.    0.    0.    0.   -0.12 -0.32 -0.36 -0.4   1.   -1.    0.    0.    0.   -1.    1.    0.
   0.    0.    0.    0.  ]
 [ 0.    0.    0.    0.   -0.08 -0.28 -0.72 -0.8   1.    0.   -1.    0.    0.   -1.    0.    1.
   0.    0.    0.    0.  ]
 [ 0.    0.    0.    0.   -0.2   0.   -0.44 -1.2   1.    0.    0.   -1.    0.   -1.    0.    0.
   1.    0.    0.    0.  ]
 [ 0.    0.    0.    0.   -0.32 -0.08  0.16 -0.6   1.    0.    0.    0.   -1.   -1.    0.    0.
   0.    1.    0.    0.  ]
 [ 0.    0.    0.    0.    1.    1.    1.    1.    0.    0.    0.    0.    0.    0.    0.    0.
   0.    0.    1.    1.  ]]
column can still be optimized
[[ 1.    0.    0.    0.    0.28  0.32 -0.36 -2.    4.   -1.   -1.   -1.   -1.   -5.    0.    0.
   0.    0.    0.    1.  ]
 [ 0.   -1.    0.    0.    0.12  0.28  0.44  0.6  -1.    0.    0.    0.    0.    1.    0.    0.
   0.    0.    0.    0.  ]
 [ 0.    0.   -1.    1.    0.12  0.28  0.44  0.6  -1.    0.    0.    0.    0.    1.    0.    0.
   0.    0.    0.    0.  ]
 [ 0.    0.    0.    0.   -0.12 -0.32 -0.36 -0.4   1.   -1.    0.    0.    0.   -1.    1.    0.
   0.    0.    0.    0.  ]
 [ 0.    0.    0.    0.   -0.08 -0.28 -0.72 -0.8   1.    0.   -1.    0.    0.   -1.    0.    1.
   0.    0.    0.    0.  ]
 [ 0.    0.    0.    0.   -0.2   0.   -0.44 -1.2   1.    0.    0.   -1.    0.   -1.    0.    0.
   1.    0.    0.    0.  ]
 [ 0.    0.    0.    0.   -0.32 -0.08  0.16 -0.6   1.    0.    0.    0.   -1.   -1.    0.    0.
   0.    1.    0.    0.  ]
 [ 0.    0.    0.    0.    1.    1.    1.    1.    0.    0.    0.    0.    0.    0.    0.    0.
   0.    0.    1.    1.  ]]
Not solved
[[ 1.    0.    0.    0.    0.28  0.32 -0.36 -2.    4.   -1.   -1.   -1.   -1.   -5.    0.    0.
   0.    0.    0.    1.  ]
 [ 0.   -1.    0.    0.    0.12  0.28  0.44  0.6  -1.    0.    0.    0.    0.    1.    0.    0.
   0.    0.    0.    0.  ]
 [ 0.    0.   -1.    1.    0.12  0.28  0.44  0.6  -1.    0.    0.    0.    0.    1.    0.    0.
   0.    0.    0.    0.  ]
 [ 0.    0.    0.    0.   -0.12 -0.32 -0.36 -0.4   1.   -1.    0.    0.    0.   -1.    1.    0.
   0.    0.    0.    0.  ]
 [ 0.    0.    0.    0.   -0.08 -0.28 -0.72 -0.8   1.    0.   -1.    0.    0.   -1.    0.    1.
   0.    0.    0.    0.  ]
 [ 0.    0.    0.    0.   -0.2   0.   -0.44 -1.2   1.    0.    0.   -1.    0.   -1.    0.    0.
   1.    0.    0.    0.  ]
 [ 0.    0.    0.    0.   -0.32 -0.08  0.16 -0.6   1.    0.    0.    0.   -1.   -1.    0.    0.
   0.    1.    0.    0.  ]
 [ 0.    0.    0.    0.    1.    1.    1.    1.    0.    0.    0.    0.    0.    0.    0.    0.
   0.    0.    1.    1.  ]]
pivot completed
[[ 1.    0.    0.    0.    0.    0.04 -0.64 -2.28  4.   -1.   -1.   -1.   -1.   -5.    0.    0.
   0.    0.   -0.28  0.72]
 [ 0.   -1.    0.    0.    0.12  0.28  0.44  0.6  -1.    0.    0.    0.    0.    1.    0.    0.
   0.    0.    0.    0.  ]
 [ 0.    0.   -1.    1.    0.12  0.28  0.44  0.6  -1.    0.    0.    0.    0.    1.    0.    0.
   0.    0.    0.    0.  ]
 [ 0.    0.    0.    0.   -0.12 -0.32 -0.36 -0.4   1.   -1.    0.    0.    0.   -1.    1.    0.
   0.    0.    0.    0.  ]
 [ 0.    0.    0.    0.   -0.08 -0.28 -0.72 -0.8   1.    0.   -1.    0.    0.   -1.    0.    1.
   0.    0.    0.    0.  ]
 [ 0.    0.    0.    0.   -0.2   0.   -0.44 -1.2   1.    0.    0.   -1.    0.   -1.    0.    0.
   1.    0.    0.    0.  ]
 [ 0.    0.    0.    0.   -0.32 -0.08  0.16 -0.6   1.    0.    0.    0.   -1.   -1.    0.    0.
   0.    1.    0.    0.  ]
 [ 0.    0.    0.    0.    1.    1.    1.    1.    0.    0.    0.    0.    0.    0.    0.    0.
   0.    0.    1.    1.  ]]
pivot completed
[[ 1.    0.    0.    0.    0.    0.04 -0.64 -2.28  4.   -1.   -1.   -1.   -1.   -5.    0.    0.
   0.    0.   -0.28  0.72]
 [ 0.   -1.    0.    0.    0.    0.16  0.32  0.48 -1.    0.    0.    0.    0.    1.    0.    0.
   0.    0.   -0.12 -0.12]
 [ 0.    0.   -1.    1.    0.12  0.28  0.44  0.6  -1.    0.    0.    0.    0.    1.    0.    0.
   0.    0.    0.    0.  ]
 [ 0.    0.    0.    0.   -0.12 -0.32 -0.36 -0.4   1.   -1.    0.    0.    0.   -1.    1.    0.
   0.    0.    0.    0.  ]
 [ 0.    0.    0.    0.   -0.08 -0.28 -0.72 -0.8   1.    0.   -1.    0.    0.   -1.    0.    1.
   0.    0.    0.    0.  ]
 [ 0.    0.    0.    0.   -0.2   0.   -0.44 -1.2   1.    0.    0.   -1.    0.   -1.    0.    0.
   1.    0.    0.    0.  ]
 [ 0.    0.    0.    0.   -0.32 -0.08  0.16 -0.6   1.    0.    0.    0.   -1.   -1.    0.    0.
   0.    1.    0.    0.  ]
 [ 0.    0.    0.    0.    1.    1.    1.    1.    0.    0.    0.    0.    0.    0.    0.    0.
   0.    0.    1.    1.  ]]
pivot completed
[[ 1.    0.    0.    0.    0.    0.04 -0.64 -2.28  4.   -1.   -1.   -1.   -1.   -5.    0.    0.
   0.    0.   -0.28  0.72]
 [ 0.   -1.    0.    0.    0.    0.16  0.32  0.48 -1.    0.    0.    0.    0.    1.    0.    0.
   0.    0.   -0.12 -0.12]
 [ 0.    0.   -1.    1.    0.    0.16  0.32  0.48 -1.    0.    0.    0.    0.    1.    0.    0.
   0.    0.   -0.12 -0.12]
 [ 0.    0.    0.    0.   -0.12 -0.32 -0.36 -0.4   1.   -1.    0.    0.    0.   -1.    1.    0.
   0.    0.    0.    0.  ]
 [ 0.    0.    0.    0.   -0.08 -0.28 -0.72 -0.8   1.    0.   -1.    0.    0.   -1.    0.    1.
   0.    0.    0.    0.  ]
 [ 0.    0.    0.    0.   -0.2   0.   -0.44 -1.2   1.    0.    0.   -1.    0.   -1.    0.    0.
   1.    0.    0.    0.  ]
 [ 0.    0.    0.    0.   -0.32 -0.08  0.16 -0.6   1.    0.    0.    0.   -1.   -1.    0.    0.
   0.    1.    0.    0.  ]
 [ 0.    0.    0.    0.    1.    1.    1.    1.    0.    0.    0.    0.    0.    0.    0.    0.
   0.    0.    1.    1.  ]]
pivot completed
[[ 1.    0.    0.    0.    0.    0.04 -0.64 -2.28  4.   -1.   -1.   -1.   -1.   -5.    0.    0.
   0.    0.   -0.28  0.72]
 [ 0.   -1.    0.    0.    0.    0.16  0.32  0.48 -1.    0.    0.    0.    0.    1.    0.    0.
   0.    0.   -0.12 -0.12]
 [ 0.    0.   -1.    1.    0.    0.16  0.32  0.48 -1.    0.    0.    0.    0.    1.    0.    0.
   0.    0.   -0.12 -0.12]
 [ 0.    0.    0.    0.    0.   -0.2  -0.24 -0.28  1.   -1.    0.    0.    0.   -1.    1.    0.
   0.    0.    0.12  0.12]
 [ 0.    0.    0.    0.   -0.08 -0.28 -0.72 -0.8   1.    0.   -1.    0.    0.   -1.    0.    1.
   0.    0.    0.    0.  ]
 [ 0.    0.    0.    0.   -0.2   0.   -0.44 -1.2   1.    0.    0.   -1.    0.   -1.    0.    0.
   1.    0.    0.    0.  ]
 [ 0.    0.    0.    0.   -0.32 -0.08  0.16 -0.6   1.    0.    0.    0.   -1.   -1.    0.    0.
   0.    1.    0.    0.  ]
 [ 0.    0.    0.    0.    1.    1.    1.    1.    0.    0.    0.    0.    0.    0.    0.    0.
   0.    0.    1.    1.  ]]
pivot completed
[[ 1.    0.    0.    0.    0.    0.04 -0.64 -2.28  4.   -1.   -1.   -1.   -1.   -5.    0.    0.
   0.    0.   -0.28  0.72]
 [ 0.   -1.    0.    0.    0.    0.16  0.32  0.48 -1.    0.    0.    0.    0.    1.    0.    0.
   0.    0.   -0.12 -0.12]
 [ 0.    0.   -1.    1.    0.    0.16  0.32  0.48 -1.    0.    0.    0.    0.    1.    0.    0.
   0.    0.   -0.12 -0.12]
 [ 0.    0.    0.    0.    0.   -0.2  -0.24 -0.28  1.   -1.    0.    0.    0.   -1.    1.    0.
   0.    0.    0.12  0.12]
 [ 0.    0.    0.    0.    0.   -0.2  -0.64 -0.72  1.    0.   -1.    0.    0.   -1.    0.    1.
   0.    0.    0.08  0.08]
 [ 0.    0.    0.    0.   -0.2   0.   -0.44 -1.2   1.    0.    0.   -1.    0.   -1.    0.    0.
   1.    0.    0.    0.  ]
 [ 0.    0.    0.    0.   -0.32 -0.08  0.16 -0.6   1.    0.    0.    0.   -1.   -1.    0.    0.
   0.    1.    0.    0.  ]
 [ 0.    0.    0.    0.    1.    1.    1.    1.    0.    0.    0.    0.    0.    0.    0.    0.
   0.    0.    1.    1.  ]]
pivot completed
[[ 1.    0.    0.    0.    0.    0.04 -0.64 -2.28  4.   -1.   -1.   -1.   -1.   -5.    0.    0.
   0.    0.   -0.28  0.72]
 [ 0.   -1.    0.    0.    0.    0.16  0.32  0.48 -1.    0.    0.    0.    0.    1.    0.    0.
   0.    0.   -0.12 -0.12]
 [ 0.    0.   -1.    1.    0.    0.16  0.32  0.48 -1.    0.    0.    0.    0.    1.    0.    0.
   0.    0.   -0.12 -0.12]
 [ 0.    0.    0.    0.    0.   -0.2  -0.24 -0.28  1.   -1.    0.    0.    0.   -1.    1.    0.
   0.    0.    0.12  0.12]
 [ 0.    0.    0.    0.    0.   -0.2  -0.64 -0.72  1.    0.   -1.    0.    0.   -1.    0.    1.
   0.    0.    0.08  0.08]
 [ 0.    0.    0.    0.    0.    0.2  -0.24 -1.    1.    0.    0.   -1.    0.   -1.    0.    0.
   1.    0.    0.2   0.2 ]
 [ 0.    0.    0.    0.   -0.32 -0.08  0.16 -0.6   1.    0.    0.    0.   -1.   -1.    0.    0.
   0.    1.    0.    0.  ]
 [ 0.    0.    0.    0.    1.    1.    1.    1.    0.    0.    0.    0.    0.    0.    0.    0.
   0.    0.    1.    1.  ]]
pivot completed
[[ 1.    0.    0.    0.    0.    0.04 -0.64 -2.28  4.   -1.   -1.   -1.   -1.   -5.    0.    0.
   0.    0.   -0.28  0.72]
 [ 0.   -1.    0.    0.    0.    0.16  0.32  0.48 -1.    0.    0.    0.    0.    1.    0.    0.
   0.    0.   -0.12 -0.12]
 [ 0.    0.   -1.    1.    0.    0.16  0.32  0.48 -1.    0.    0.    0.    0.    1.    0.    0.
   0.    0.   -0.12 -0.12]
 [ 0.    0.    0.    0.    0.   -0.2  -0.24 -0.28  1.   -1.    0.    0.    0.   -1.    1.    0.
   0.    0.    0.12  0.12]
 [ 0.    0.    0.    0.    0.   -0.2  -0.64 -0.72  1.    0.   -1.    0.    0.   -1.    0.    1.
   0.    0.    0.08  0.08]
 [ 0.    0.    0.    0.    0.    0.2  -0.24 -1.    1.    0.    0.   -1.    0.   -1.    0.    0.
   1.    0.    0.2   0.2 ]
 [ 0.    0.    0.    0.    0.    0.24  0.48 -0.28  1.    0.    0.    0.   -1.   -1.    0.    0.
   0.    1.    0.32  0.32]
 [ 0.    0.    0.    0.    1.    1.    1.    1.    0.    0.    0.    0.    0.    0.    0.    0.
   0.    0.    1.    1.  ]]
column can still be optimized
[[ 1.    0.    0.    0.    0.    0.04 -0.64 -2.28  4.   -1.   -1.   -1.   -1.   -5.    0.    0.
   0.    0.   -0.28  0.72]
 [ 0.   -1.    0.    0.    0.    0.16  0.32  0.48 -1.    0.    0.    0.    0.    1.    0.    0.
   0.    0.   -0.12 -0.12]
 [ 0.    0.   -1.    1.    0.    0.16  0.32  0.48 -1.    0.    0.    0.    0.    1.    0.    0.
   0.    0.   -0.12 -0.12]
 [ 0.    0.    0.    0.    0.   -0.2  -0.24 -0.28  1.   -1.    0.    0.    0.   -1.    1.    0.
   0.    0.    0.12  0.12]
 [ 0.    0.    0.    0.    0.   -0.2  -0.64 -0.72  1.    0.   -1.    0.    0.   -1.    0.    1.
   0.    0.    0.08  0.08]
 [ 0.    0.    0.    0.    0.    0.2  -0.24 -1.    1.    0.    0.   -1.    0.   -1.    0.    0.
   1.    0.    0.2   0.2 ]
 [ 0.    0.    0.    0.    0.    0.24  0.48 -0.28  1.    0.    0.    0.   -1.   -1.    0.    0.
   0.    1.    0.32  0.32]
 [ 0.    0.    0.    0.    1.    1.    1.    1.    0.    0.    0.    0.    0.    0.    0.    0.
   0.    0.    1.    1.  ]]
Not solved
[[ 1.    0.    0.    0.    0.    0.04 -0.64 -2.28  4.   -1.   -1.   -1.   -1.   -5.    0.    0.
   0.    0.   -0.28  0.72]
 [ 0.   -1.    0.    0.    0.    0.16  0.32  0.48 -1.    0.    0.    0.    0.    1.    0.    0.
   0.    0.   -0.12 -0.12]
 [ 0.    0.   -1.    1.    0.    0.16  0.32  0.48 -1.    0.    0.    0.    0.    1.    0.    0.
   0.    0.   -0.12 -0.12]
 [ 0.    0.    0.    0.    0.   -0.2  -0.24 -0.28  1.   -1.    0.    0.    0.   -1.    1.    0.
   0.    0.    0.12  0.12]
 [ 0.    0.    0.    0.    0.   -0.2  -0.64 -0.72  1.    0.   -1.    0.    0.   -1.    0.    1.
   0.    0.    0.08  0.08]
 [ 0.    0.    0.    0.    0.    0.2  -0.24 -1.    1.    0.    0.   -1.    0.   -1.    0.    0.
   1.    0.    0.2   0.2 ]
 [ 0.    0.    0.    0.    0.    0.24  0.48 -0.28  1.    0.    0.    0.   -1.   -1.    0.    0.
   0.    1.    0.32  0.32]
 [ 0.    0.    0.    0.    1.    1.    1.    1.    0.    0.    0.    0.    0.    0.    0.    0.
   0.    0.    1.    1.  ]]
pivot completed
[[ 1.    0.    0.25 -0.25  0.    0.   -0.72 -2.4   4.25 -1.   -1.   -1.   -1.   -5.25  0.    0.
   0.    0.   -0.25  0.75]
 [ 0.   -1.    0.    0.    0.    0.16  0.32  0.48 -1.    0.    0.    0.    0.    1.    0.    0.
   0.    0.   -0.12 -0.12]
 [ 0.    0.   -6.25  6.25  0.    1.    2.    3.   -6.25  0.    0.    0.    0.    6.25  0.    0.
   0.    0.   -0.75 -0.75]
 [ 0.    0.    0.    0.    0.   -0.2  -0.24 -0.28  1.   -1.    0.    0.    0.   -1.    1.    0.
   0.    0.    0.12  0.12]
 [ 0.    0.    0.    0.    0.   -0.2  -0.64 -0.72  1.    0.   -1.    0.    0.   -1.    0.    1.
   0.    0.    0.08  0.08]
 [ 0.    0.    0.    0.    0.    0.2  -0.24 -1.    1.    0.    0.   -1.    0.   -1.    0.    0.
   1.    0.    0.2   0.2 ]
 [ 0.    0.    0.    0.    0.    0.24  0.48 -0.28  1.    0.    0.    0.   -1.   -1.    0.    0.
   0.    1.    0.32  0.32]
 [ 0.    0.    0.    0.    1.    1.    1.    1.    0.    0.    0.    0.    0.    0.    0.    0.
   0.    0.    1.    1.  ]]
pivot completed
[[ 1.    0.    0.25 -0.25  0.    0.   -0.72 -2.4   4.25 -1.   -1.   -1.   -1.   -5.25  0.    0.
   0.    0.   -0.25  0.75]
 [ 0.   -1.    1.   -1.    0.    0.    0.    0.    0.    0.    0.    0.    0.    0.    0.    0.
   0.    0.    0.    0.  ]
 [ 0.    0.   -6.25  6.25  0.    1.    2.    3.   -6.25  0.    0.    0.    0.    6.25  0.    0.
   0.    0.   -0.75 -0.75]
 [ 0.    0.    0.    0.    0.   -0.2  -0.24 -0.28  1.   -1.    0.    0.    0.   -1.    1.    0.
   0.    0.    0.12  0.12]
 [ 0.    0.    0.    0.    0.   -0.2  -0.64 -0.72  1.    0.   -1.    0.    0.   -1.    0.    1.
   0.    0.    0.08  0.08]
 [ 0.    0.    0.    0.    0.    0.2  -0.24 -1.    1.    0.    0.   -1.    0.   -1.    0.    0.
   1.    0.    0.2   0.2 ]
 [ 0.    0.    0.    0.    0.    0.24  0.48 -0.28  1.    0.    0.    0.   -1.   -1.    0.    0.
   0.    1.    0.32  0.32]
 [ 0.    0.    0.    0.    1.    1.    1.    1.    0.    0.    0.    0.    0.    0.    0.    0.
   0.    0.    1.    1.  ]]
pivot completed
[[ 1.    0.    0.25 -0.25  0.    0.   -0.72 -2.4   4.25 -1.   -1.   -1.   -1.   -5.25  0.    0.
   0.    0.   -0.25  0.75]
 [ 0.   -1.    1.   -1.    0.    0.    0.    0.    0.    0.    0.    0.    0.    0.    0.    0.
   0.    0.    0.    0.  ]
 [ 0.    0.   -6.25  6.25  0.    1.    2.    3.   -6.25  0.    0.    0.    0.    6.25  0.    0.
   0.    0.   -0.75 -0.75]
 [ 0.    0.   -1.25  1.25  0.    0.    0.16  0.32 -0.25 -1.    0.    0.    0.    0.25  1.    0.
   0.    0.   -0.03 -0.03]
 [ 0.    0.    0.    0.    0.   -0.2  -0.64 -0.72  1.    0.   -1.    0.    0.   -1.    0.    1.
   0.    0.    0.08  0.08]
 [ 0.    0.    0.    0.    0.    0.2  -0.24 -1.    1.    0.    0.   -1.    0.   -1.    0.    0.
   1.    0.    0.2   0.2 ]
 [ 0.    0.    0.    0.    0.    0.24  0.48 -0.28  1.    0.    0.    0.   -1.   -1.    0.    0.
   0.    1.    0.32  0.32]
 [ 0.    0.    0.    0.    1.    1.    1.    1.    0.    0.    0.    0.    0.    0.    0.    0.
   0.    0.    1.    1.  ]]
pivot completed
[[ 1.    0.    0.25 -0.25  0.    0.   -0.72 -2.4   4.25 -1.   -1.   -1.   -1.   -5.25  0.    0.
   0.    0.   -0.25  0.75]
 [ 0.   -1.    1.   -1.    0.    0.    0.    0.    0.    0.    0.    0.    0.    0.    0.    0.
   0.    0.    0.    0.  ]
 [ 0.    0.   -6.25  6.25  0.    1.    2.    3.   -6.25  0.    0.    0.    0.    6.25  0.    0.
   0.    0.   -0.75 -0.75]
 [ 0.    0.   -1.25  1.25  0.    0.    0.16  0.32 -0.25 -1.    0.    0.    0.    0.25  1.    0.
   0.    0.   -0.03 -0.03]
 [ 0.    0.   -1.25  1.25  0.    0.   -0.24 -0.12 -0.25  0.   -1.    0.    0.    0.25  0.    1.
   0.    0.   -0.07 -0.07]
 [ 0.    0.    0.    0.    0.    0.2  -0.24 -1.    1.    0.    0.   -1.    0.   -1.    0.    0.
   1.    0.    0.2   0.2 ]
 [ 0.    0.    0.    0.    0.    0.24  0.48 -0.28  1.    0.    0.    0.   -1.   -1.    0.    0.
   0.    1.    0.32  0.32]
 [ 0.    0.    0.    0.    1.    1.    1.    1.    0.    0.    0.    0.    0.    0.    0.    0.
   0.    0.    1.    1.  ]]
pivot completed
[[ 1.    0.    0.25 -0.25  0.    0.   -0.72 -2.4   4.25 -1.   -1.   -1.   -1.   -5.25  0.    0.
   0.    0.   -0.25  0.75]
 [ 0.   -1.    1.   -1.    0.    0.    0.    0.    0.    0.    0.    0.    0.    0.    0.    0.
   0.    0.    0.    0.  ]
 [ 0.    0.   -6.25  6.25  0.    1.    2.    3.   -6.25  0.    0.    0.    0.    6.25  0.    0.
   0.    0.   -0.75 -0.75]
 [ 0.    0.   -1.25  1.25  0.    0.    0.16  0.32 -0.25 -1.    0.    0.    0.    0.25  1.    0.
   0.    0.   -0.03 -0.03]
 [ 0.    0.   -1.25  1.25  0.    0.   -0.24 -0.12 -0.25  0.   -1.    0.    0.    0.25  0.    1.
   0.    0.   -0.07 -0.07]
 [ 0.    0.    1.25 -1.25  0.    0.   -0.64 -1.6   2.25  0.    0.   -1.    0.   -2.25  0.    0.
   1.    0.    0.35  0.35]
 [ 0.    0.    0.    0.    0.    0.24  0.48 -0.28  1.    0.    0.    0.   -1.   -1.    0.    0.
   0.    1.    0.32  0.32]
 [ 0.    0.    0.    0.    1.    1.    1.    1.    0.    0.    0.    0.    0.    0.    0.    0.
   0.    0.    1.    1.  ]]
pivot completed
[[ 1.    0.    0.25 -0.25  0.    0.   -0.72 -2.4   4.25 -1.   -1.   -1.   -1.   -5.25  0.    0.
   0.    0.   -0.25  0.75]
 [ 0.   -1.    1.   -1.    0.    0.    0.    0.    0.    0.    0.    0.    0.    0.    0.    0.
   0.    0.    0.    0.  ]
 [ 0.    0.   -6.25  6.25  0.    1.    2.    3.   -6.25  0.    0.    0.    0.    6.25  0.    0.
   0.    0.   -0.75 -0.75]
 [ 0.    0.   -1.25  1.25  0.    0.    0.16  0.32 -0.25 -1.    0.    0.    0.    0.25  1.    0.
   0.    0.   -0.03 -0.03]
 [ 0.    0.   -1.25  1.25  0.    0.   -0.24 -0.12 -0.25  0.   -1.    0.    0.    0.25  0.    1.
   0.    0.   -0.07 -0.07]
 [ 0.    0.    1.25 -1.25  0.    0.   -0.64 -1.6   2.25  0.    0.   -1.    0.   -2.25  0.    0.
   1.    0.    0.35  0.35]
 [ 0.    0.    1.5  -1.5   0.    0.    0.   -1.    2.5   0.    0.    0.   -1.   -2.5   0.    0.
   0.    1.    0.5   0.5 ]
 [ 0.    0.    0.    0.    1.    1.    1.    1.    0.    0.    0.    0.    0.    0.    0.    0.
   0.    0.    1.    1.  ]]
pivot completed
[[ 1.    0.    0.25 -0.25  0.    0.   -0.72 -2.4   4.25 -1.   -1.   -1.   -1.   -5.25  0.    0.
   0.    0.   -0.25  0.75]
 [ 0.   -1.    1.   -1.    0.    0.    0.    0.    0.    0.    0.    0.    0.    0.    0.    0.
   0.    0.    0.    0.  ]
 [ 0.    0.   -6.25  6.25  0.    1.    2.    3.   -6.25  0.    0.    0.    0.    6.25  0.    0.
   0.    0.   -0.75 -0.75]
 [ 0.    0.   -1.25  1.25  0.    0.    0.16  0.32 -0.25 -1.    0.    0.    0.    0.25  1.    0.
   0.    0.   -0.03 -0.03]
 [ 0.    0.   -1.25  1.25  0.    0.   -0.24 -0.12 -0.25  0.   -1.    0.    0.    0.25  0.    1.
   0.    0.   -0.07 -0.07]
 [ 0.    0.    1.25 -1.25  0.    0.   -0.64 -1.6   2.25  0.    0.   -1.    0.   -2.25  0.    0.
   1.    0.    0.35  0.35]
 [ 0.    0.    1.5  -1.5   0.    0.    0.   -1.    2.5   0.    0.    0.   -1.   -2.5   0.    0.
   0.    1.    0.5   0.5 ]
 [ 0.    0.    6.25 -6.25  1.    0.   -1.   -2.    6.25  0.    0.    0.    0.   -6.25  0.    0.
   0.    0.    1.75  1.75]]
column can still be optimized
[[ 1.    0.    0.25 -0.25  0.    0.   -0.72 -2.4   4.25 -1.   -1.   -1.   -1.   -5.25  0.    0.
   0.    0.   -0.25  0.75]
 [ 0.   -1.    1.   -1.    0.    0.    0.    0.    0.    0.    0.    0.    0.    0.    0.    0.
   0.    0.    0.    0.  ]
 [ 0.    0.   -6.25  6.25  0.    1.    2.    3.   -6.25  0.    0.    0.    0.    6.25  0.    0.
   0.    0.   -0.75 -0.75]
 [ 0.    0.   -1.25  1.25  0.    0.    0.16  0.32 -0.25 -1.    0.    0.    0.    0.25  1.    0.
   0.    0.   -0.03 -0.03]
 [ 0.    0.   -1.25  1.25  0.    0.   -0.24 -0.12 -0.25  0.   -1.    0.    0.    0.25  0.    1.
   0.    0.   -0.07 -0.07]
 [ 0.    0.    1.25 -1.25  0.    0.   -0.64 -1.6   2.25  0.    0.   -1.    0.   -2.25  0.    0.
   1.    0.    0.35  0.35]
 [ 0.    0.    1.5  -1.5   0.    0.    0.   -1.    2.5   0.    0.    0.   -1.   -2.5   0.    0.
   0.    1.    0.5   0.5 ]
 [ 0.    0.    6.25 -6.25  1.    0.   -1.   -2.    6.25  0.    0.    0.    0.   -6.25  0.    0.
   0.    0.    1.75  1.75]]
Not solved
[[ 1.    0.    0.25 -0.25  0.    0.   -0.72 -2.4   4.25 -1.   -1.   -1.   -1.   -5.25  0.    0.
   0.    0.   -0.25  0.75]
 [ 0.   -1.    1.   -1.    0.    0.    0.    0.    0.    0.    0.    0.    0.    0.    0.    0.
   0.    0.    0.    0.  ]
 [ 0.    0.   -6.25  6.25  0.    1.    2.    3.   -6.25  0.    0.    0.    0.    6.25  0.    0.
   0.    0.   -0.75 -0.75]
 [ 0.    0.   -1.25  1.25  0.    0.    0.16  0.32 -0.25 -1.    0.    0.    0.    0.25  1.    0.
   0.    0.   -0.03 -0.03]
 [ 0.    0.   -1.25  1.25  0.    0.   -0.24 -0.12 -0.25  0.   -1.    0.    0.    0.25  0.    1.
   0.    0.   -0.07 -0.07]
 [ 0.    0.    1.25 -1.25  0.    0.   -0.64 -1.6   2.25  0.    0.   -1.    0.   -2.25  0.    0.
   1.    0.    0.35  0.35]
 [ 0.    0.    1.5  -1.5   0.    0.    0.   -1.    2.5   0.    0.    0.   -1.   -2.5   0.    0.
   0.    1.    0.5   0.5 ]
 [ 0.    0.    6.25 -6.25  1.    0.   -1.   -2.    6.25  0.    0.    0.    0.   -6.25  0.    0.
   0.    0.    1.75  1.75]]
pivot completed
[[ 1.     0.     0.     0.     0.     0.    -0.592 -2.08   3.8   -1.    -1.    -0.8   -1.
  -4.8    0.     0.    -0.2    0.    -0.32   0.68 ]
 [ 0.    -1.     1.    -1.     0.     0.     0.     0.     0.     0.     0.     0.     0.
   0.     0.     0.     0.     0.     0.     0.   ]
 [ 0.     0.    -6.25   6.25   0.     1.     2.     3.    -6.25   0.     0.     0.     0.
   6.25   0.     0.     0.     0.    -0.75  -0.75 ]
 [ 0.     0.    -1.25   1.25   0.     0.     0.16   0.32  -0.25  -1.     0.     0.     0.
   0.25   1.     0.     0.     0.    -0.03  -0.03 ]
 [ 0.     0.    -1.25   1.25   0.     0.    -0.24  -0.12  -0.25   0.    -1.     0.     0.
   0.25   0.     1.     0.     0.    -0.07  -0.07 ]
 [ 0.     0.     1.    -1.     0.     0.    -0.512 -1.28   1.8    0.     0.    -0.8    0.
  -1.8    0.     0.     0.8    0.     0.28   0.28 ]
 [ 0.     0.     1.5   -1.5    0.     0.     0.    -1.     2.5    0.     0.     0.    -1.
  -2.5    0.     0.     0.     1.     0.5    0.5  ]
 [ 0.     0.     6.25  -6.25   1.     0.    -1.    -2.     6.25   0.     0.     0.     0.
  -6.25   0.     0.     0.     0.     1.75   1.75 ]]
pivot completed
[[ 1.     0.     0.     0.     0.     0.    -0.592 -2.08   3.8   -1.    -1.    -0.8   -1.
  -4.8    0.     0.    -0.2    0.    -0.32   0.68 ]
 [ 0.    -1.     0.     0.     0.     0.     0.512  1.28  -1.8    0.     0.     0.8    0.
   1.8    0.     0.    -0.8    0.    -0.28  -0.28 ]
 [ 0.     0.    -6.25   6.25   0.     1.     2.     3.    -6.25   0.     0.     0.     0.
   6.25   0.     0.     0.     0.    -0.75  -0.75 ]
 [ 0.     0.    -1.25   1.25   0.     0.     0.16   0.32  -0.25  -1.     0.     0.     0.
   0.25   1.     0.     0.     0.    -0.03  -0.03 ]
 [ 0.     0.    -1.25   1.25   0.     0.    -0.24  -0.12  -0.25   0.    -1.     0.     0.
   0.25   0.     1.     0.     0.    -0.07  -0.07 ]
 [ 0.     0.     1.    -1.     0.     0.    -0.512 -1.28   1.8    0.     0.    -0.8    0.
  -1.8    0.     0.     0.8    0.     0.28   0.28 ]
 [ 0.     0.     1.5   -1.5    0.     0.     0.    -1.     2.5    0.     0.     0.    -1.
  -2.5    0.     0.     0.     1.     0.5    0.5  ]
 [ 0.     0.     6.25  -6.25   1.     0.    -1.    -2.     6.25   0.     0.     0.     0.
  -6.25   0.     0.     0.     0.     1.75   1.75 ]]
pivot completed
[[ 1.     0.     0.     0.     0.     0.    -0.592 -2.08   3.8   -1.    -1.    -0.8   -1.
  -4.8    0.     0.    -0.2    0.    -0.32   0.68 ]
 [ 0.    -1.     0.     0.     0.     0.     0.512  1.28  -1.8    0.     0.     0.8    0.
   1.8    0.     0.    -0.8    0.    -0.28  -0.28 ]
 [ 0.     0.     0.     0.     0.     1.    -1.2   -5.     5.     0.     0.    -5.     0.
  -5.     0.     0.     5.     0.     1.     1.   ]
 [ 0.     0.    -1.25   1.25   0.     0.     0.16   0.32  -0.25  -1.     0.     0.     0.
   0.25   1.     0.     0.     0.    -0.03  -0.03 ]
 [ 0.     0.    -1.25   1.25   0.     0.    -0.24  -0.12  -0.25   0.    -1.     0.     0.
   0.25   0.     1.     0.     0.    -0.07  -0.07 ]
 [ 0.     0.     1.    -1.     0.     0.    -0.512 -1.28   1.8    0.     0.    -0.8    0.
  -1.8    0.     0.     0.8    0.     0.28   0.28 ]
 [ 0.     0.     1.5   -1.5    0.     0.     0.    -1.     2.5    0.     0.     0.    -1.
  -2.5    0.     0.     0.     1.     0.5    0.5  ]
 [ 0.     0.     6.25  -6.25   1.     0.    -1.    -2.     6.25   0.     0.     0.     0.
  -6.25   0.     0.     0.     0.     1.75   1.75 ]]
pivot completed
[[ 1.     0.     0.     0.     0.     0.    -0.592 -2.08   3.8   -1.    -1.    -0.8   -1.
  -4.8    0.     0.    -0.2    0.    -0.32   0.68 ]
 [ 0.    -1.     0.     0.     0.     0.     0.512  1.28  -1.8    0.     0.     0.8    0.
   1.8    0.     0.    -0.8    0.    -0.28  -0.28 ]
 [ 0.     0.     0.     0.     0.     1.    -1.2   -5.     5.     0.     0.    -5.     0.
  -5.     0.     0.     5.     0.     1.     1.   ]
 [ 0.     0.     0.     0.     0.     0.    -0.48  -1.28   2.    -1.     0.    -1.     0.
  -2.     1.     0.     1.     0.     0.32   0.32 ]
 [ 0.     0.    -1.25   1.25   0.     0.    -0.24  -0.12  -0.25   0.    -1.     0.     0.
   0.25   0.     1.     0.     0.    -0.07  -0.07 ]
 [ 0.     0.     1.    -1.     0.     0.    -0.512 -1.28   1.8    0.     0.    -0.8    0.
  -1.8    0.     0.     0.8    0.     0.28   0.28 ]
 [ 0.     0.     1.5   -1.5    0.     0.     0.    -1.     2.5    0.     0.     0.    -1.
  -2.5    0.     0.     0.     1.     0.5    0.5  ]
 [ 0.     0.     6.25  -6.25   1.     0.    -1.    -2.     6.25   0.     0.     0.     0.
  -6.25   0.     0.     0.     0.     1.75   1.75 ]]
pivot completed
[[ 1.     0.     0.     0.     0.     0.    -0.592 -2.08   3.8   -1.    -1.    -0.8   -1.
  -4.8    0.     0.    -0.2    0.    -0.32   0.68 ]
 [ 0.    -1.     0.     0.     0.     0.     0.512  1.28  -1.8    0.     0.     0.8    0.
   1.8    0.     0.    -0.8    0.    -0.28  -0.28 ]
 [ 0.     0.     0.     0.     0.     1.    -1.2   -5.     5.     0.     0.    -5.     0.
  -5.     0.     0.     5.     0.     1.     1.   ]
 [ 0.     0.     0.     0.     0.     0.    -0.48  -1.28   2.    -1.     0.    -1.     0.
  -2.     1.     0.     1.     0.     0.32   0.32 ]
 [ 0.     0.     0.     0.     0.     0.    -0.88  -1.72   2.     0.    -1.    -1.     0.
  -2.     0.     1.     1.     0.     0.28   0.28 ]
 [ 0.     0.     1.    -1.     0.     0.    -0.512 -1.28   1.8    0.     0.    -0.8    0.
  -1.8    0.     0.     0.8    0.     0.28   0.28 ]
 [ 0.     0.     1.5   -1.5    0.     0.     0.    -1.     2.5    0.     0.     0.    -1.
  -2.5    0.     0.     0.     1.     0.5    0.5  ]
 [ 0.     0.     6.25  -6.25   1.     0.    -1.    -2.     6.25   0.     0.     0.     0.
  -6.25   0.     0.     0.     0.     1.75   1.75 ]]
pivot completed
[[ 1.     0.     0.     0.     0.     0.    -0.592 -2.08   3.8   -1.    -1.    -0.8   -1.
  -4.8    0.     0.    -0.2    0.    -0.32   0.68 ]
 [ 0.    -1.     0.     0.     0.     0.     0.512  1.28  -1.8    0.     0.     0.8    0.
   1.8    0.     0.    -0.8    0.    -0.28  -0.28 ]
 [ 0.     0.     0.     0.     0.     1.    -1.2   -5.     5.     0.     0.    -5.     0.
  -5.     0.     0.     5.     0.     1.     1.   ]
 [ 0.     0.     0.     0.     0.     0.    -0.48  -1.28   2.    -1.     0.    -1.     0.
  -2.     1.     0.     1.     0.     0.32   0.32 ]
 [ 0.     0.     0.     0.     0.     0.    -0.88  -1.72   2.     0.    -1.    -1.     0.
  -2.     0.     1.     1.     0.     0.28   0.28 ]
 [ 0.     0.     1.    -1.     0.     0.    -0.512 -1.28   1.8    0.     0.    -0.8    0.
  -1.8    0.     0.     0.8    0.     0.28   0.28 ]
 [ 0.     0.     0.     0.     0.     0.     0.768  0.92  -0.2    0.     0.     1.2   -1.
   0.2    0.     0.    -1.2    1.     0.08   0.08 ]
 [ 0.     0.     6.25  -6.25   1.     0.    -1.    -2.     6.25   0.     0.     0.     0.
  -6.25   0.     0.     0.     0.     1.75   1.75 ]]
pivot completed
[[ 1.     0.     0.     0.     0.     0.    -0.592 -2.08   3.8   -1.    -1.    -0.8   -1.
  -4.8    0.     0.    -0.2    0.    -0.32   0.68 ]
 [ 0.    -1.     0.     0.     0.     0.     0.512  1.28  -1.8    0.     0.     0.8    0.
   1.8    0.     0.    -0.8    0.    -0.28  -0.28 ]
 [ 0.     0.     0.     0.     0.     1.    -1.2   -5.     5.     0.     0.    -5.     0.
  -5.     0.     0.     5.     0.     1.     1.   ]
 [ 0.     0.     0.     0.     0.     0.    -0.48  -1.28   2.    -1.     0.    -1.     0.
  -2.     1.     0.     1.     0.     0.32   0.32 ]
 [ 0.     0.     0.     0.     0.     0.    -0.88  -1.72   2.     0.    -1.    -1.     0.
  -2.     0.     1.     1.     0.     0.28   0.28 ]
 [ 0.     0.     1.    -1.     0.     0.    -0.512 -1.28   1.8    0.     0.    -0.8    0.
  -1.8    0.     0.     0.8    0.     0.28   0.28 ]
 [ 0.     0.     0.     0.     0.     0.     0.768  0.92  -0.2    0.     0.     1.2   -1.
   0.2    0.     0.    -1.2    1.     0.08   0.08 ]
 [ 0.     0.     0.     0.     1.     0.     2.2    6.    -5.     0.     0.     5.     0.
   5.     0.     0.    -5.     0.     0.     0.   ]]
column can still be optimized
[[ 1.     0.     0.     0.     0.     0.    -0.592 -2.08   3.8   -1.    -1.    -0.8   -1.
  -4.8    0.     0.    -0.2    0.    -0.32   0.68 ]
 [ 0.    -1.     0.     0.     0.     0.     0.512  1.28  -1.8    0.     0.     0.8    0.
   1.8    0.     0.    -0.8    0.    -0.28  -0.28 ]
 [ 0.     0.     0.     0.     0.     1.    -1.2   -5.     5.     0.     0.    -5.     0.
  -5.     0.     0.     5.     0.     1.     1.   ]
 [ 0.     0.     0.     0.     0.     0.    -0.48  -1.28   2.    -1.     0.    -1.     0.
  -2.     1.     0.     1.     0.     0.32   0.32 ]
 [ 0.     0.     0.     0.     0.     0.    -0.88  -1.72   2.     0.    -1.    -1.     0.
  -2.     0.     1.     1.     0.     0.28   0.28 ]
 [ 0.     0.     1.    -1.     0.     0.    -0.512 -1.28   1.8    0.     0.    -0.8    0.
  -1.8    0.     0.     0.8    0.     0.28   0.28 ]
 [ 0.     0.     0.     0.     0.     0.     0.768  0.92  -0.2    0.     0.     1.2   -1.
   0.2    0.     0.    -1.2    1.     0.08   0.08 ]
 [ 0.     0.     0.     0.     1.     0.     2.2    6.    -5.     0.     0.     5.     0.
   5.     0.     0.    -5.     0.     0.     0.   ]]
Not solved
[[ 1.     0.     0.     0.     0.     0.    -0.592 -2.08   3.8   -1.    -1.    -0.8   -1.
  -4.8    0.     0.    -0.2    0.    -0.32   0.68 ]
 [ 0.    -1.     0.     0.     0.     0.     0.512  1.28  -1.8    0.     0.     0.8    0.
   1.8    0.     0.    -0.8    0.    -0.28  -0.28 ]
 [ 0.     0.     0.     0.     0.     1.    -1.2   -5.     5.     0.     0.    -5.     0.
  -5.     0.     0.     5.     0.     1.     1.   ]
 [ 0.     0.     0.     0.     0.     0.    -0.48  -1.28   2.    -1.     0.    -1.     0.
  -2.     1.     0.     1.     0.     0.32   0.32 ]
 [ 0.     0.     0.     0.     0.     0.    -0.88  -1.72   2.     0.    -1.    -1.     0.
  -2.     0.     1.     1.     0.     0.28   0.28 ]
 [ 0.     0.     1.    -1.     0.     0.    -0.512 -1.28   1.8    0.     0.    -0.8    0.
  -1.8    0.     0.     0.8    0.     0.28   0.28 ]
 [ 0.     0.     0.     0.     0.     0.     0.768  0.92  -0.2    0.     0.     1.2   -1.
   0.2    0.     0.    -1.2    1.     0.08   0.08 ]
 [ 0.     0.     0.     0.     1.     0.     2.2    6.    -5.     0.     0.     5.     0.
   5.     0.     0.    -5.     0.     0.     0.   ]]
pivot completed
[[ 1.     0.     0.     0.     0.     0.     1.08   1.188  0.    -1.     0.9    1.1   -1.
  -1.     0.    -1.9   -2.1    0.    -0.852  0.148]
 [ 0.    -1.     0.     0.     0.     0.     0.512  1.28  -1.8    0.     0.     0.8    0.
   1.8    0.     0.    -0.8    0.    -0.28  -0.28 ]
 [ 0.     0.     0.     0.     0.     1.    -1.2   -5.     5.     0.     0.    -5.     0.
  -5.     0.     0.     5.     0.     1.     1.   ]
 [ 0.     0.     0.     0.     0.     0.    -0.48  -1.28   2.    -1.     0.    -1.     0.
  -2.     1.     0.     1.     0.     0.32   0.32 ]
 [ 0.     0.     0.     0.     0.     0.    -0.44  -0.86   1.     0.    -0.5   -0.5    0.
  -1.     0.     0.5    0.5    0.     0.14   0.14 ]
 [ 0.     0.     1.    -1.     0.     0.    -0.512 -1.28   1.8    0.     0.    -0.8    0.
  -1.8    0.     0.     0.8    0.     0.28   0.28 ]
 [ 0.     0.     0.     0.     0.     0.     0.768  0.92  -0.2    0.     0.     1.2   -1.
   0.2    0.     0.    -1.2    1.     0.08   0.08 ]
 [ 0.     0.     0.     0.     1.     0.     2.2    6.    -5.     0.     0.     5.     0.
   5.     0.     0.    -5.     0.     0.     0.   ]]
pivot completed
[[ 1.     0.     0.     0.     0.     0.     1.08   1.188  0.    -1.     0.9    1.1   -1.
  -1.     0.    -1.9   -2.1    0.    -0.852  0.148]
 [ 0.    -1.     0.     0.     0.     0.    -0.28  -0.268  0.     0.    -0.9   -0.1    0.
   0.     0.     0.9    0.1    0.    -0.028 -0.028]
 [ 0.     0.     0.     0.     0.     1.    -1.2   -5.     5.     0.     0.    -5.     0.
  -5.     0.     0.     5.     0.     1.     1.   ]
 [ 0.     0.     0.     0.     0.     0.    -0.48  -1.28   2.    -1.     0.    -1.     0.
  -2.     1.     0.     1.     0.     0.32   0.32 ]
 [ 0.     0.     0.     0.     0.     0.    -0.44  -0.86   1.     0.    -0.5   -0.5    0.
  -1.     0.     0.5    0.5    0.     0.14   0.14 ]
 [ 0.     0.     1.    -1.     0.     0.    -0.512 -1.28   1.8    0.     0.    -0.8    0.
  -1.8    0.     0.     0.8    0.     0.28   0.28 ]
 [ 0.     0.     0.     0.     0.     0.     0.768  0.92  -0.2    0.     0.     1.2   -1.
   0.2    0.     0.    -1.2    1.     0.08   0.08 ]
 [ 0.     0.     0.     0.     1.     0.     2.2    6.    -5.     0.     0.     5.     0.
   5.     0.     0.    -5.     0.     0.     0.   ]]
pivot completed
[[ 1.     0.     0.     0.     0.     0.     1.08   1.188  0.    -1.     0.9    1.1   -1.
  -1.     0.    -1.9   -2.1    0.    -0.852  0.148]
 [ 0.    -1.     0.     0.     0.     0.    -0.28  -0.268  0.     0.    -0.9   -0.1    0.
   0.     0.     0.9    0.1    0.    -0.028 -0.028]
 [ 0.     0.     0.     0.     0.     1.     1.    -0.7    0.     0.     2.5   -2.5    0.
   0.     0.    -2.5    2.5    0.     0.3    0.3  ]
 [ 0.     0.     0.     0.     0.     0.    -0.48  -1.28   2.    -1.     0.    -1.     0.
  -2.     1.     0.     1.     0.     0.32   0.32 ]
 [ 0.     0.     0.     0.     0.     0.    -0.44  -0.86   1.     0.    -0.5   -0.5    0.
  -1.     0.     0.5    0.5    0.     0.14   0.14 ]
 [ 0.     0.     1.    -1.     0.     0.    -0.512 -1.28   1.8    0.     0.    -0.8    0.
  -1.8    0.     0.     0.8    0.     0.28   0.28 ]
 [ 0.     0.     0.     0.     0.     0.     0.768  0.92  -0.2    0.     0.     1.2   -1.
   0.2    0.     0.    -1.2    1.     0.08   0.08 ]
 [ 0.     0.     0.     0.     1.     0.     2.2    6.    -5.     0.     0.     5.     0.
   5.     0.     0.    -5.     0.     0.     0.   ]]
pivot completed
[[ 1.     0.     0.     0.     0.     0.     1.08   1.188  0.    -1.     0.9    1.1   -1.
  -1.     0.    -1.9   -2.1    0.    -0.852  0.148]
 [ 0.    -1.     0.     0.     0.     0.    -0.28  -0.268  0.     0.    -0.9   -0.1    0.
   0.     0.     0.9    0.1    0.    -0.028 -0.028]
 [ 0.     0.     0.     0.     0.     1.     1.    -0.7    0.     0.     2.5   -2.5    0.
   0.     0.    -2.5    2.5    0.     0.3    0.3  ]
 [ 0.     0.     0.     0.     0.     0.     0.4    0.44   0.    -1.     1.     0.     0.
   0.     1.    -1.     0.     0.     0.04   0.04 ]
 [ 0.     0.     0.     0.     0.     0.    -0.44  -0.86   1.     0.    -0.5   -0.5    0.
  -1.     0.     0.5    0.5    0.     0.14   0.14 ]
 [ 0.     0.     1.    -1.     0.     0.    -0.512 -1.28   1.8    0.     0.    -0.8    0.
  -1.8    0.     0.     0.8    0.     0.28   0.28 ]
 [ 0.     0.     0.     0.     0.     0.     0.768  0.92  -0.2    0.     0.     1.2   -1.
   0.2    0.     0.    -1.2    1.     0.08   0.08 ]
 [ 0.     0.     0.     0.     1.     0.     2.2    6.    -5.     0.     0.     5.     0.
   5.     0.     0.    -5.     0.     0.     0.   ]]
pivot completed
[[ 1.     0.     0.     0.     0.     0.     1.08   1.188  0.    -1.     0.9    1.1   -1.
  -1.     0.    -1.9   -2.1    0.    -0.852  0.148]
 [ 0.    -1.     0.     0.     0.     0.    -0.28  -0.268  0.     0.    -0.9   -0.1    0.
   0.     0.     0.9    0.1    0.    -0.028 -0.028]
 [ 0.     0.     0.     0.     0.     1.     1.    -0.7    0.     0.     2.5   -2.5    0.
   0.     0.    -2.5    2.5    0.     0.3    0.3  ]
 [ 0.     0.     0.     0.     0.     0.     0.4    0.44   0.    -1.     1.     0.     0.
   0.     1.    -1.     0.     0.     0.04   0.04 ]
 [ 0.     0.     0.     0.     0.     0.    -0.44  -0.86   1.     0.    -0.5   -0.5    0.
  -1.     0.     0.5    0.5    0.     0.14   0.14 ]
 [ 0.     0.     1.    -1.     0.     0.     0.28   0.268  0.     0.     0.9    0.1    0.
   0.     0.    -0.9   -0.1    0.     0.028  0.028]
 [ 0.     0.     0.     0.     0.     0.     0.768  0.92  -0.2    0.     0.     1.2   -1.
   0.2    0.     0.    -1.2    1.     0.08   0.08 ]
 [ 0.     0.     0.     0.     1.     0.     2.2    6.    -5.     0.     0.     5.     0.
   5.     0.     0.    -5.     0.     0.     0.   ]]
pivot completed
[[ 1.     0.     0.     0.     0.     0.     1.08   1.188  0.    -1.     0.9    1.1   -1.
  -1.     0.    -1.9   -2.1    0.    -0.852  0.148]
 [ 0.    -1.     0.     0.     0.     0.    -0.28  -0.268  0.     0.    -0.9   -0.1    0.
   0.     0.     0.9    0.1    0.    -0.028 -0.028]
 [ 0.     0.     0.     0.     0.     1.     1.    -0.7    0.     0.     2.5   -2.5    0.
   0.     0.    -2.5    2.5    0.     0.3    0.3  ]
 [ 0.     0.     0.     0.     0.     0.     0.4    0.44   0.    -1.     1.     0.     0.
   0.     1.    -1.     0.     0.     0.04   0.04 ]
 [ 0.     0.     0.     0.     0.     0.    -0.44  -0.86   1.     0.    -0.5   -0.5    0.
  -1.     0.     0.5    0.5    0.     0.14   0.14 ]
 [ 0.     0.     1.    -1.     0.     0.     0.28   0.268  0.     0.     0.9    0.1    0.
   0.     0.    -0.9   -0.1    0.     0.028  0.028]
 [ 0.     0.     0.     0.     0.     0.     0.68   0.748  0.     0.    -0.1    1.1   -1.
   0.     0.     0.1   -1.1    1.     0.108  0.108]
 [ 0.     0.     0.     0.     1.     0.     2.2    6.    -5.     0.     0.     5.     0.
   5.     0.     0.    -5.     0.     0.     0.   ]]
pivot completed
[[ 1.     0.     0.     0.     0.     0.     1.08   1.188  0.    -1.     0.9    1.1   -1.
  -1.     0.    -1.9   -2.1    0.    -0.852  0.148]
 [ 0.    -1.     0.     0.     0.     0.    -0.28  -0.268  0.     0.    -0.9   -0.1    0.
   0.     0.     0.9    0.1    0.    -0.028 -0.028]
 [ 0.     0.     0.     0.     0.     1.     1.    -0.7    0.     0.     2.5   -2.5    0.
   0.     0.    -2.5    2.5    0.     0.3    0.3  ]
 [ 0.     0.     0.     0.     0.     0.     0.4    0.44   0.    -1.     1.     0.     0.
   0.     1.    -1.     0.     0.     0.04   0.04 ]
 [ 0.     0.     0.     0.     0.     0.    -0.44  -0.86   1.     0.    -0.5   -0.5    0.
  -1.     0.     0.5    0.5    0.     0.14   0.14 ]
 [ 0.     0.     1.    -1.     0.     0.     0.28   0.268  0.     0.     0.9    0.1    0.
   0.     0.    -0.9   -0.1    0.     0.028  0.028]
 [ 0.     0.     0.     0.     0.     0.     0.68   0.748  0.     0.    -0.1    1.1   -1.
   0.     0.     0.1   -1.1    1.     0.108  0.108]
 [ 0.     0.     0.     0.     1.     0.     0.     1.7    0.     0.    -2.5    2.5    0.
   0.     0.     2.5   -2.5    0.     0.7    0.7  ]]
column can still be optimized
[[ 1.     0.     0.     0.     0.     0.     1.08   1.188  0.    -1.     0.9    1.1   -1.
  -1.     0.    -1.9   -2.1    0.    -0.852  0.148]
 [ 0.    -1.     0.     0.     0.     0.    -0.28  -0.268  0.     0.    -0.9   -0.1    0.
   0.     0.     0.9    0.1    0.    -0.028 -0.028]
 [ 0.     0.     0.     0.     0.     1.     1.    -0.7    0.     0.     2.5   -2.5    0.
   0.     0.    -2.5    2.5    0.     0.3    0.3  ]
 [ 0.     0.     0.     0.     0.     0.     0.4    0.44   0.    -1.     1.     0.     0.
   0.     1.    -1.     0.     0.     0.04   0.04 ]
 [ 0.     0.     0.     0.     0.     0.    -0.44  -0.86   1.     0.    -0.5   -0.5    0.
  -1.     0.     0.5    0.5    0.     0.14   0.14 ]
 [ 0.     0.     1.    -1.     0.     0.     0.28   0.268  0.     0.     0.9    0.1    0.
   0.     0.    -0.9   -0.1    0.     0.028  0.028]
 [ 0.     0.     0.     0.     0.     0.     0.68   0.748  0.     0.    -0.1    1.1   -1.
   0.     0.     0.1   -1.1    1.     0.108  0.108]
 [ 0.     0.     0.     0.     1.     0.     0.     1.7    0.     0.    -2.5    2.5    0.
   0.     0.     2.5   -2.5    0.     0.7    0.7  ]]
Not solved
[[ 1.     0.     0.     0.     0.     0.     1.08   1.188  0.    -1.     0.9    1.1   -1.
  -1.     0.    -1.9   -2.1    0.    -0.852  0.148]
 [ 0.    -1.     0.     0.     0.     0.    -0.28  -0.268  0.     0.    -0.9   -0.1    0.
   0.     0.     0.9    0.1    0.    -0.028 -0.028]
 [ 0.     0.     0.     0.     0.     1.     1.    -0.7    0.     0.     2.5   -2.5    0.
   0.     0.    -2.5    2.5    0.     0.3    0.3  ]
 [ 0.     0.     0.     0.     0.     0.     0.4    0.44   0.    -1.     1.     0.     0.
   0.     1.    -1.     0.     0.     0.04   0.04 ]
 [ 0.     0.     0.     0.     0.     0.    -0.44  -0.86   1.     0.    -0.5   -0.5    0.
  -1.     0.     0.5    0.5    0.     0.14   0.14 ]
 [ 0.     0.     1.    -1.     0.     0.     0.28   0.268  0.     0.     0.9    0.1    0.
   0.     0.    -0.9   -0.1    0.     0.028  0.028]
 [ 0.     0.     0.     0.     0.     0.     0.68   0.748  0.     0.    -0.1    1.1   -1.
   0.     0.     0.1   -1.1    1.     0.108  0.108]
 [ 0.     0.     0.     0.     1.     0.     0.     1.7    0.     0.    -2.5    2.5    0.
   0.     0.     2.5   -2.5    0.     0.7    0.7  ]]
pivot completed
[[ 1.     0.    -3.857  3.857  0.     0.     0.     0.154  0.    -1.    -2.571  0.714 -1.
  -1.     0.     1.571 -1.714  0.    -0.96   0.04 ]
 [ 0.    -1.     0.     0.     0.     0.    -0.28  -0.268  0.     0.    -0.9   -0.1    0.
   0.     0.     0.9    0.1    0.    -0.028 -0.028]
 [ 0.     0.     0.     0.     0.     1.     1.    -0.7    0.     0.     2.5   -2.5    0.
   0.     0.    -2.5    2.5    0.     0.3    0.3  ]
 [ 0.     0.     0.     0.     0.     0.     0.4    0.44   0.    -1.     1.     0.     0.
   0.     1.    -1.     0.     0.     0.04   0.04 ]
 [ 0.     0.     0.     0.     0.     0.    -0.44  -0.86   1.     0.    -0.5   -0.5    0.
  -1.     0.     0.5    0.5    0.     0.14   0.14 ]
 [ 0.     0.     3.571 -3.571  0.     0.     1.     0.957  0.     0.     3.214  0.357  0.
   0.     0.    -3.214 -0.357  0.     0.1    0.1  ]
 [ 0.     0.     0.     0.     0.     0.     0.68   0.748  0.     0.    -0.1    1.1   -1.
   0.     0.     0.1   -1.1    1.     0.108  0.108]
 [ 0.     0.     0.     0.     1.     0.     0.     1.7    0.     0.    -2.5    2.5    0.
   0.     0.     2.5   -2.5    0.     0.7    0.7  ]]
pivot completed
[[ 1.     0.    -3.857  3.857  0.     0.     0.     0.154  0.    -1.    -2.571  0.714 -1.
  -1.     0.     1.571 -1.714  0.    -0.96   0.04 ]
 [ 0.    -1.     1.    -1.     0.     0.     0.     0.     0.     0.     0.     0.     0.
   0.     0.     0.     0.     0.     0.     0.   ]
 [ 0.     0.     0.     0.     0.     1.     1.    -0.7    0.     0.     2.5   -2.5    0.
   0.     0.    -2.5    2.5    0.     0.3    0.3  ]
 [ 0.     0.     0.     0.     0.     0.     0.4    0.44   0.    -1.     1.     0.     0.
   0.     1.    -1.     0.     0.     0.04   0.04 ]
 [ 0.     0.     0.     0.     0.     0.    -0.44  -0.86   1.     0.    -0.5   -0.5    0.
  -1.     0.     0.5    0.5    0.     0.14   0.14 ]
 [ 0.     0.     3.571 -3.571  0.     0.     1.     0.957  0.     0.     3.214  0.357  0.
   0.     0.    -3.214 -0.357  0.     0.1    0.1  ]
 [ 0.     0.     0.     0.     0.     0.     0.68   0.748  0.     0.    -0.1    1.1   -1.
   0.     0.     0.1   -1.1    1.     0.108  0.108]
 [ 0.     0.     0.     0.     1.     0.     0.     1.7    0.     0.    -2.5    2.5    0.
   0.     0.     2.5   -2.5    0.     0.7    0.7  ]]
pivot completed
[[ 1.     0.    -3.857  3.857  0.     0.     0.     0.154  0.    -1.    -2.571  0.714 -1.
  -1.     0.     1.571 -1.714  0.    -0.96   0.04 ]
 [ 0.    -1.     1.    -1.     0.     0.     0.     0.     0.     0.     0.     0.     0.
   0.     0.     0.     0.     0.     0.     0.   ]
 [ 0.     0.    -3.571  3.571  0.     1.     0.    -1.657  0.     0.    -0.714 -2.857  0.
   0.     0.     0.714  2.857  0.     0.2    0.2  ]
 [ 0.     0.     0.     0.     0.     0.     0.4    0.44   0.    -1.     1.     0.     0.
   0.     1.    -1.     0.     0.     0.04   0.04 ]
 [ 0.     0.     0.     0.     0.     0.    -0.44  -0.86   1.     0.    -0.5   -0.5    0.
  -1.     0.     0.5    0.5    0.     0.14   0.14 ]
 [ 0.     0.     3.571 -3.571  0.     0.     1.     0.957  0.     0.     3.214  0.357  0.
   0.     0.    -3.214 -0.357  0.     0.1    0.1  ]
 [ 0.     0.     0.     0.     0.     0.     0.68   0.748  0.     0.    -0.1    1.1   -1.
   0.     0.     0.1   -1.1    1.     0.108  0.108]
 [ 0.     0.     0.     0.     1.     0.     0.     1.7    0.     0.    -2.5    2.5    0.
   0.     0.     2.5   -2.5    0.     0.7    0.7  ]]
pivot completed
[[ 1.     0.    -3.857  3.857  0.     0.     0.     0.154  0.    -1.    -2.571  0.714 -1.
  -1.     0.     1.571 -1.714  0.    -0.96   0.04 ]
 [ 0.    -1.     1.    -1.     0.     0.     0.     0.     0.     0.     0.     0.     0.
   0.     0.     0.     0.     0.     0.     0.   ]
 [ 0.     0.    -3.571  3.571  0.     1.     0.    -1.657  0.     0.    -0.714 -2.857  0.
   0.     0.     0.714  2.857  0.     0.2    0.2  ]
 [ 0.     0.    -1.429  1.429  0.     0.     0.     0.057  0.    -1.    -0.286 -0.143  0.
   0.     1.     0.286  0.143  0.     0.     0.   ]
 [ 0.     0.     0.     0.     0.     0.    -0.44  -0.86   1.     0.    -0.5   -0.5    0.
  -1.     0.     0.5    0.5    0.     0.14   0.14 ]
 [ 0.     0.     3.571 -3.571  0.     0.     1.     0.957  0.     0.     3.214  0.357  0.
   0.     0.    -3.214 -0.357  0.     0.1    0.1  ]
 [ 0.     0.     0.     0.     0.     0.     0.68   0.748  0.     0.    -0.1    1.1   -1.
   0.     0.     0.1   -1.1    1.     0.108  0.108]
 [ 0.     0.     0.     0.     1.     0.     0.     1.7    0.     0.    -2.5    2.5    0.
   0.     0.     2.5   -2.5    0.     0.7    0.7  ]]
pivot completed
[[ 1.     0.    -3.857  3.857  0.     0.     0.     0.154  0.    -1.    -2.571  0.714 -1.
  -1.     0.     1.571 -1.714  0.    -0.96   0.04 ]
 [ 0.    -1.     1.    -1.     0.     0.     0.     0.     0.     0.     0.     0.     0.
   0.     0.     0.     0.     0.     0.     0.   ]
 [ 0.     0.    -3.571  3.571  0.     1.     0.    -1.657  0.     0.    -0.714 -2.857  0.
   0.     0.     0.714  2.857  0.     0.2    0.2  ]
 [ 0.     0.    -1.429  1.429  0.     0.     0.     0.057  0.    -1.    -0.286 -0.143  0.
   0.     1.     0.286  0.143  0.     0.     0.   ]
 [ 0.     0.     1.571 -1.571  0.     0.     0.    -0.439  1.     0.     0.914 -0.343  0.
  -1.     0.    -0.914  0.343  0.     0.184  0.184]
 [ 0.     0.     3.571 -3.571  0.     0.     1.     0.957  0.     0.     3.214  0.357  0.
   0.     0.    -3.214 -0.357  0.     0.1    0.1  ]
 [ 0.     0.     0.     0.     0.     0.     0.68   0.748  0.     0.    -0.1    1.1   -1.
   0.     0.     0.1   -1.1    1.     0.108  0.108]
 [ 0.     0.     0.     0.     1.     0.     0.     1.7    0.     0.    -2.5    2.5    0.
   0.     0.     2.5   -2.5    0.     0.7    0.7  ]]
pivot completed
[[ 1.     0.    -3.857  3.857  0.     0.     0.     0.154  0.    -1.    -2.571  0.714 -1.
  -1.     0.     1.571 -1.714  0.    -0.96   0.04 ]
 [ 0.    -1.     1.    -1.     0.     0.     0.     0.     0.     0.     0.     0.     0.
   0.     0.     0.     0.     0.     0.     0.   ]
 [ 0.     0.    -3.571  3.571  0.     1.     0.    -1.657  0.     0.    -0.714 -2.857  0.
   0.     0.     0.714  2.857  0.     0.2    0.2  ]
 [ 0.     0.    -1.429  1.429  0.     0.     0.     0.057  0.    -1.    -0.286 -0.143  0.
   0.     1.     0.286  0.143  0.     0.     0.   ]
 [ 0.     0.     1.571 -1.571  0.     0.     0.    -0.439  1.     0.     0.914 -0.343  0.
  -1.     0.    -0.914  0.343  0.     0.184  0.184]
 [ 0.     0.     3.571 -3.571  0.     0.     1.     0.957  0.     0.     3.214  0.357  0.
   0.     0.    -3.214 -0.357  0.     0.1    0.1  ]
 [ 0.     0.    -2.429  2.429  0.     0.     0.     0.097  0.     0.    -2.286  0.857 -1.
   0.     0.     2.286 -0.857  1.     0.04   0.04 ]
 [ 0.     0.     0.     0.     1.     0.     0.     1.7    0.     0.    -2.5    2.5    0.
   0.     0.     2.5   -2.5    0.     0.7    0.7  ]]
pivot completed
[[ 1.     0.    -3.857  3.857  0.     0.     0.     0.154  0.    -1.    -2.571  0.714 -1.
  -1.     0.     1.571 -1.714  0.    -0.96   0.04 ]
 [ 0.    -1.     1.    -1.     0.     0.     0.     0.     0.     0.     0.     0.     0.
   0.     0.     0.     0.     0.     0.     0.   ]
 [ 0.     0.    -3.571  3.571  0.     1.     0.    -1.657  0.     0.    -0.714 -2.857  0.
   0.     0.     0.714  2.857  0.     0.2    0.2  ]
 [ 0.     0.    -1.429  1.429  0.     0.     0.     0.057  0.    -1.    -0.286 -0.143  0.
   0.     1.     0.286  0.143  0.     0.     0.   ]
 [ 0.     0.     1.571 -1.571  0.     0.     0.    -0.439  1.     0.     0.914 -0.343  0.
  -1.     0.    -0.914  0.343  0.     0.184  0.184]
 [ 0.     0.     3.571 -3.571  0.     0.     1.     0.957  0.     0.     3.214  0.357  0.
   0.     0.    -3.214 -0.357  0.     0.1    0.1  ]
 [ 0.     0.    -2.429  2.429  0.     0.     0.     0.097  0.     0.    -2.286  0.857 -1.
   0.     0.     2.286 -0.857  1.     0.04   0.04 ]
 [ 0.     0.     0.     0.     1.     0.     0.     1.7    0.     0.    -2.5    2.5    0.
   0.     0.     2.5   -2.5    0.     0.7    0.7  ]]
column can still be optimized
[[ 1.     0.    -3.857  3.857  0.     0.     0.     0.154  0.    -1.    -2.571  0.714 -1.
  -1.     0.     1.571 -1.714  0.    -0.96   0.04 ]
 [ 0.    -1.     1.    -1.     0.     0.     0.     0.     0.     0.     0.     0.     0.
   0.     0.     0.     0.     0.     0.     0.   ]
 [ 0.     0.    -3.571  3.571  0.     1.     0.    -1.657  0.     0.    -0.714 -2.857  0.
   0.     0.     0.714  2.857  0.     0.2    0.2  ]
 [ 0.     0.    -1.429  1.429  0.     0.     0.     0.057  0.    -1.    -0.286 -0.143  0.
   0.     1.     0.286  0.143  0.     0.     0.   ]
 [ 0.     0.     1.571 -1.571  0.     0.     0.    -0.439  1.     0.     0.914 -0.343  0.
  -1.     0.    -0.914  0.343  0.     0.184  0.184]
 [ 0.     0.     3.571 -3.571  0.     0.     1.     0.957  0.     0.     3.214  0.357  0.
   0.     0.    -3.214 -0.357  0.     0.1    0.1  ]
 [ 0.     0.    -2.429  2.429  0.     0.     0.     0.097  0.     0.    -2.286  0.857 -1.
   0.     0.     2.286 -0.857  1.     0.04   0.04 ]
 [ 0.     0.     0.     0.     1.     0.     0.     1.7    0.     0.    -2.5    2.5    0.
   0.     0.     2.5   -2.5    0.     0.7    0.7  ]]
Not solved
[[ 1.     0.    -3.857  3.857  0.     0.     0.     0.154  0.    -1.    -2.571  0.714 -1.
  -1.     0.     1.571 -1.714  0.    -0.96   0.04 ]
 [ 0.    -1.     1.    -1.     0.     0.     0.     0.     0.     0.     0.     0.     0.
   0.     0.     0.     0.     0.     0.     0.   ]
 [ 0.     0.    -3.571  3.571  0.     1.     0.    -1.657  0.     0.    -0.714 -2.857  0.
   0.     0.     0.714  2.857  0.     0.2    0.2  ]
 [ 0.     0.    -1.429  1.429  0.     0.     0.     0.057  0.    -1.    -0.286 -0.143  0.
   0.     1.     0.286  0.143  0.     0.     0.   ]
 [ 0.     0.     1.571 -1.571  0.     0.     0.    -0.439  1.     0.     0.914 -0.343  0.
  -1.     0.    -0.914  0.343  0.     0.184  0.184]
 [ 0.     0.     3.571 -3.571  0.     0.     1.     0.957  0.     0.     3.214  0.357  0.
   0.     0.    -3.214 -0.357  0.     0.1    0.1  ]
 [ 0.     0.    -2.429  2.429  0.     0.     0.     0.097  0.     0.    -2.286  0.857 -1.
   0.     0.     2.286 -0.857  1.     0.04   0.04 ]
 [ 0.     0.     0.     0.     1.     0.     0.     1.7    0.     0.    -2.5    2.5    0.
   0.     0.     2.5   -2.5    0.     0.7    0.7  ]]
stalling pivot completed
[[ 1.     0.     0.     0.     0.     0.     0.     0.     0.     1.7   -1.8    1.1   -1.
  -1.    -2.7    0.8   -2.1    0.    -0.96   0.04 ]
 [ 0.    -1.     1.    -1.     0.     0.     0.     0.     0.     0.     0.     0.     0.
   0.     0.     0.     0.     0.     0.     0.   ]
 [ 0.     0.    -3.571  3.571  0.     1.     0.    -1.657  0.     0.    -0.714 -2.857  0.
   0.     0.     0.714  2.857  0.     0.2    0.2  ]
 [ 0.     0.    -1.     1.     0.     0.     0.     0.04   0.    -0.7   -0.2   -0.1    0.
   0.     0.7    0.2    0.1    0.     0.     0.   ]
 [ 0.     0.     1.571 -1.571  0.     0.     0.    -0.439  1.     0.     0.914 -0.343  0.
  -1.     0.    -0.914  0.343  0.     0.184  0.184]
 [ 0.     0.     3.571 -3.571  0.     0.     1.     0.957  0.     0.     3.214  0.357  0.
   0.     0.    -3.214 -0.357  0.     0.1    0.1  ]
 [ 0.     0.    -2.429  2.429  0.     0.     0.     0.097  0.     0.    -2.286  0.857 -1.
   0.     0.     2.286 -0.857  1.     0.04   0.04 ]
 [ 0.     0.     0.     0.     1.     0.     0.     1.7    0.     0.    -2.5    2.5    0.
   0.     0.     2.5   -2.5    0.     0.7    0.7  ]]
stalling pivot completed
[[ 1.     0.     0.     0.     0.     0.     0.     0.     0.     1.7   -1.8    1.1   -1.
  -1.    -2.7    0.8   -2.1    0.    -0.96   0.04 ]
 [ 0.    -1.     0.     0.     0.     0.     0.     0.04   0.    -0.7   -0.2   -0.1    0.
   0.     0.7    0.2    0.1    0.     0.     0.   ]
 [ 0.     0.    -3.571  3.571  0.     1.     0.    -1.657  0.     0.    -0.714 -2.857  0.
   0.     0.     0.714  2.857  0.     0.2    0.2  ]
 [ 0.     0.    -1.     1.     0.     0.     0.     0.04   0.    -0.7   -0.2   -0.1    0.
   0.     0.7    0.2    0.1    0.     0.     0.   ]
 [ 0.     0.     1.571 -1.571  0.     0.     0.    -0.439  1.     0.     0.914 -0.343  0.
  -1.     0.    -0.914  0.343  0.     0.184  0.184]
 [ 0.     0.     3.571 -3.571  0.     0.     1.     0.957  0.     0.     3.214  0.357  0.
   0.     0.    -3.214 -0.357  0.     0.1    0.1  ]
 [ 0.     0.    -2.429  2.429  0.     0.     0.     0.097  0.     0.    -2.286  0.857 -1.
   0.     0.     2.286 -0.857  1.     0.04   0.04 ]
 [ 0.     0.     0.     0.     1.     0.     0.     1.7    0.     0.    -2.5    2.5    0.
   0.     0.     2.5   -2.5    0.     0.7    0.7  ]]
stalling pivot completed
[[ 1.     0.     0.     0.     0.     0.     0.     0.     0.     1.7   -1.8    1.1   -1.
  -1.    -2.7    0.8   -2.1    0.    -0.96   0.04 ]
 [ 0.    -1.     0.     0.     0.     0.     0.     0.04   0.    -0.7   -0.2   -0.1    0.
   0.     0.7    0.2    0.1    0.     0.     0.   ]
 [ 0.     0.     0.     0.     0.     1.     0.    -1.8    0.     2.5    0.    -2.5    0.
   0.    -2.5    0.     2.5    0.     0.2    0.2  ]
 [ 0.     0.    -1.     1.     0.     0.     0.     0.04   0.    -0.7   -0.2   -0.1    0.
   0.     0.7    0.2    0.1    0.     0.     0.   ]
 [ 0.     0.     1.571 -1.571  0.     0.     0.    -0.439  1.     0.     0.914 -0.343  0.
  -1.     0.    -0.914  0.343  0.     0.184  0.184]
 [ 0.     0.     3.571 -3.571  0.     0.     1.     0.957  0.     0.     3.214  0.357  0.
   0.     0.    -3.214 -0.357  0.     0.1    0.1  ]
 [ 0.     0.    -2.429  2.429  0.     0.     0.     0.097  0.     0.    -2.286  0.857 -1.
   0.     0.     2.286 -0.857  1.     0.04   0.04 ]
 [ 0.     0.     0.     0.     1.     0.     0.     1.7    0.     0.    -2.5    2.5    0.
   0.     0.     2.5   -2.5    0.     0.7    0.7  ]]
stalling pivot completed
[[ 1.     0.     0.     0.     0.     0.     0.     0.     0.     1.7   -1.8    1.1   -1.
  -1.    -2.7    0.8   -2.1    0.    -0.96   0.04 ]
 [ 0.    -1.     0.     0.     0.     0.     0.     0.04   0.    -0.7   -0.2   -0.1    0.
   0.     0.7    0.2    0.1    0.     0.     0.   ]
 [ 0.     0.     0.     0.     0.     1.     0.    -1.8    0.     2.5    0.    -2.5    0.
   0.    -2.5    0.     2.5    0.     0.2    0.2  ]
 [ 0.     0.    -1.     1.     0.     0.     0.     0.04   0.    -0.7   -0.2   -0.1    0.
   0.     0.7    0.2    0.1    0.     0.     0.   ]
 [ 0.     0.     0.     0.     0.     0.     0.    -0.376  1.    -1.1    0.6   -0.5    0.
  -1.     1.1   -0.6    0.5    0.     0.184  0.184]
 [ 0.     0.     3.571 -3.571  0.     0.     1.     0.957  0.     0.     3.214  0.357  0.
   0.     0.    -3.214 -0.357  0.     0.1    0.1  ]
 [ 0.     0.    -2.429  2.429  0.     0.     0.     0.097  0.     0.    -2.286  0.857 -1.
   0.     0.     2.286 -0.857  1.     0.04   0.04 ]
 [ 0.     0.     0.     0.     1.     0.     0.     1.7    0.     0.    -2.5    2.5    0.
   0.     0.     2.5   -2.5    0.     0.7    0.7  ]]
stalling pivot completed
[[ 1.     0.     0.     0.     0.     0.     0.     0.     0.     1.7   -1.8    1.1   -1.
  -1.    -2.7    0.8   -2.1    0.    -0.96   0.04 ]
 [ 0.    -1.     0.     0.     0.     0.     0.     0.04   0.    -0.7   -0.2   -0.1    0.
   0.     0.7    0.2    0.1    0.     0.     0.   ]
 [ 0.     0.     0.     0.     0.     1.     0.    -1.8    0.     2.5    0.    -2.5    0.
   0.    -2.5    0.     2.5    0.     0.2    0.2  ]
 [ 0.     0.    -1.     1.     0.     0.     0.     0.04   0.    -0.7   -0.2   -0.1    0.
   0.     0.7    0.2    0.1    0.     0.     0.   ]
 [ 0.     0.     0.     0.     0.     0.     0.    -0.376  1.    -1.1    0.6   -0.5    0.
  -1.     1.1   -0.6    0.5    0.     0.184  0.184]
 [ 0.     0.     0.     0.     0.     0.     1.     1.1    0.    -2.5    2.5    0.     0.
   0.     2.5   -2.5    0.     0.     0.1    0.1  ]
 [ 0.     0.    -2.429  2.429  0.     0.     0.     0.097  0.     0.    -2.286  0.857 -1.
   0.     0.     2.286 -0.857  1.     0.04   0.04 ]
 [ 0.     0.     0.     0.     1.     0.     0.     1.7    0.     0.    -2.5    2.5    0.
   0.     0.     2.5   -2.5    0.     0.7    0.7  ]]
stalling pivot completed
[[ 1.     0.     0.     0.     0.     0.     0.     0.     0.     1.7   -1.8    1.1   -1.
  -1.    -2.7    0.8   -2.1    0.    -0.96   0.04 ]
 [ 0.    -1.     0.     0.     0.     0.     0.     0.04   0.    -0.7   -0.2   -0.1    0.
   0.     0.7    0.2    0.1    0.     0.     0.   ]
 [ 0.     0.     0.     0.     0.     1.     0.    -1.8    0.     2.5    0.    -2.5    0.
   0.    -2.5    0.     2.5    0.     0.2    0.2  ]
 [ 0.     0.    -1.     1.     0.     0.     0.     0.04   0.    -0.7   -0.2   -0.1    0.
   0.     0.7    0.2    0.1    0.     0.     0.   ]
 [ 0.     0.     0.     0.     0.     0.     0.    -0.376  1.    -1.1    0.6   -0.5    0.
  -1.     1.1   -0.6    0.5    0.     0.184  0.184]
 [ 0.     0.     0.     0.     0.     0.     1.     1.1    0.    -2.5    2.5    0.     0.
   0.     2.5   -2.5    0.     0.     0.1    0.1  ]
 [ 0.     0.     0.     0.     0.     0.     0.     0.     0.     1.7   -1.8    1.1   -1.
   0.    -1.7    1.8   -1.1    1.     0.04   0.04 ]
 [ 0.     0.     0.     0.     1.     0.     0.     1.7    0.     0.    -2.5    2.5    0.
   0.     0.     2.5   -2.5    0.     0.7    0.7  ]]
stalling pivot completed
[[ 1.     0.     0.     0.     0.     0.     0.     0.     0.     1.7   -1.8    1.1   -1.
  -1.    -2.7    0.8   -2.1    0.    -0.96   0.04 ]
 [ 0.    -1.     0.     0.     0.     0.     0.     0.04   0.    -0.7   -0.2   -0.1    0.
   0.     0.7    0.2    0.1    0.     0.     0.   ]
 [ 0.     0.     0.     0.     0.     1.     0.    -1.8    0.     2.5    0.    -2.5    0.
   0.    -2.5    0.     2.5    0.     0.2    0.2  ]
 [ 0.     0.    -1.     1.     0.     0.     0.     0.04   0.    -0.7   -0.2   -0.1    0.
   0.     0.7    0.2    0.1    0.     0.     0.   ]
 [ 0.     0.     0.     0.     0.     0.     0.    -0.376  1.    -1.1    0.6   -0.5    0.
  -1.     1.1   -0.6    0.5    0.     0.184  0.184]
 [ 0.     0.     0.     0.     0.     0.     1.     1.1    0.    -2.5    2.5    0.     0.
   0.     2.5   -2.5    0.     0.     0.1    0.1  ]
 [ 0.     0.     0.     0.     0.     0.     0.     0.     0.     1.7   -1.8    1.1   -1.
   0.    -1.7    1.8   -1.1    1.     0.04   0.04 ]
 [ 0.     0.     0.     0.     1.     0.     0.     1.7    0.     0.    -2.5    2.5    0.
   0.     0.     2.5   -2.5    0.     0.7    0.7  ]]
column can still be optimized
[[ 1.     0.     0.     0.     0.     0.     0.     0.     0.     1.7   -1.8    1.1   -1.
  -1.    -2.7    0.8   -2.1    0.    -0.96   0.04 ]
 [ 0.    -1.     0.     0.     0.     0.     0.     0.04   0.    -0.7   -0.2   -0.1    0.
   0.     0.7    0.2    0.1    0.     0.     0.   ]
 [ 0.     0.     0.     0.     0.     1.     0.    -1.8    0.     2.5    0.    -2.5    0.
   0.    -2.5    0.     2.5    0.     0.2    0.2  ]
 [ 0.     0.    -1.     1.     0.     0.     0.     0.04   0.    -0.7   -0.2   -0.1    0.
   0.     0.7    0.2    0.1    0.     0.     0.   ]
 [ 0.     0.     0.     0.     0.     0.     0.    -0.376  1.    -1.1    0.6   -0.5    0.
  -1.     1.1   -0.6    0.5    0.     0.184  0.184]
 [ 0.     0.     0.     0.     0.     0.     1.     1.1    0.    -2.5    2.5    0.     0.
   0.     2.5   -2.5    0.     0.     0.1    0.1  ]
 [ 0.     0.     0.     0.     0.     0.     0.     0.     0.     1.7   -1.8    1.1   -1.
   0.    -1.7    1.8   -1.1    1.     0.04   0.04 ]
 [ 0.     0.     0.     0.     1.     0.     0.     1.7    0.     0.    -2.5    2.5    0.
   0.     0.     2.5   -2.5    0.     0.7    0.7  ]]
Not solved
[[ 1.     0.     0.     0.     0.     0.     0.     0.     0.     1.7   -1.8    1.1   -1.
  -1.    -2.7    0.8   -2.1    0.    -0.96   0.04 ]
 [ 0.    -1.     0.     0.     0.     0.     0.     0.04   0.    -0.7   -0.2   -0.1    0.
   0.     0.7    0.2    0.1    0.     0.     0.   ]
 [ 0.     0.     0.     0.     0.     1.     0.    -1.8    0.     2.5    0.    -2.5    0.
   0.    -2.5    0.     2.5    0.     0.2    0.2  ]
 [ 0.     0.    -1.     1.     0.     0.     0.     0.04   0.    -0.7   -0.2   -0.1    0.
   0.     0.7    0.2    0.1    0.     0.     0.   ]
 [ 0.     0.     0.     0.     0.     0.     0.    -0.376  1.    -1.1    0.6   -0.5    0.
  -1.     1.1   -0.6    0.5    0.     0.184  0.184]
 [ 0.     0.     0.     0.     0.     0.     1.     1.1    0.    -2.5    2.5    0.     0.
   0.     2.5   -2.5    0.     0.     0.1    0.1  ]
 [ 0.     0.     0.     0.     0.     0.     0.     0.     0.     1.7   -1.8    1.1   -1.
   0.    -1.7    1.8   -1.1    1.     0.04   0.04 ]
 [ 0.     0.     0.     0.     1.     0.     0.     1.7    0.     0.    -2.5    2.5    0.
   0.     0.     2.5   -2.5    0.     0.7    0.7  ]]
pivot completed
[[ 1.     0.     0.     0.     0.     0.     0.     0.     0.     0.     0.     0.     0.
  -1.    -1.    -1.    -1.    -1.    -1.     0.   ]
 [ 0.    -1.     0.     0.     0.     0.     0.     0.04   0.    -0.7   -0.2   -0.1    0.
   0.     0.7    0.2    0.1    0.     0.     0.   ]
 [ 0.     0.     0.     0.     0.     1.     0.    -1.8    0.     2.5    0.    -2.5    0.
   0.    -2.5    0.     2.5    0.     0.2    0.2  ]
 [ 0.     0.    -1.     1.     0.     0.     0.     0.04   0.    -0.7   -0.2   -0.1    0.
   0.     0.7    0.2    0.1    0.     0.     0.   ]
 [ 0.     0.     0.     0.     0.     0.     0.    -0.376  1.    -1.1    0.6   -0.5    0.
  -1.     1.1   -0.6    0.5    0.     0.184  0.184]
 [ 0.     0.     0.     0.     0.     0.     1.     1.1    0.    -2.5    2.5    0.     0.
   0.     2.5   -2.5    0.     0.     0.1    0.1  ]
 [ 0.     0.     0.     0.     0.     0.     0.     0.     0.     1.    -1.059  0.647 -0.588
   0.    -1.     1.059 -0.647  0.588  0.024  0.024]
 [ 0.     0.     0.     0.     1.     0.     0.     1.7    0.     0.    -2.5    2.5    0.
   0.     0.     2.5   -2.5    0.     0.7    0.7  ]]
pivot completed
[[ 1.     0.     0.     0.     0.     0.     0.     0.     0.     0.     0.     0.     0.
  -1.    -1.    -1.    -1.    -1.    -1.     0.   ]
 [ 0.    -1.     0.     0.     0.     0.     0.     0.04   0.     0.    -0.941  0.353 -0.412
   0.     0.     0.941 -0.353  0.412  0.016  0.016]
 [ 0.     0.     0.     0.     0.     1.     0.    -1.8    0.     2.5    0.    -2.5    0.
   0.    -2.5    0.     2.5    0.     0.2    0.2  ]
 [ 0.     0.    -1.     1.     0.     0.     0.     0.04   0.    -0.7   -0.2   -0.1    0.
   0.     0.7    0.2    0.1    0.     0.     0.   ]
 [ 0.     0.     0.     0.     0.     0.     0.    -0.376  1.    -1.1    0.6   -0.5    0.
  -1.     1.1   -0.6    0.5    0.     0.184  0.184]
 [ 0.     0.     0.     0.     0.     0.     1.     1.1    0.    -2.5    2.5    0.     0.
   0.     2.5   -2.5    0.     0.     0.1    0.1  ]
 [ 0.     0.     0.     0.     0.     0.     0.     0.     0.     1.    -1.059  0.647 -0.588
   0.    -1.     1.059 -0.647  0.588  0.024  0.024]
 [ 0.     0.     0.     0.     1.     0.     0.     1.7    0.     0.    -2.5    2.5    0.
   0.     0.     2.5   -2.5    0.     0.7    0.7  ]]
pivot completed
[[ 1.     0.     0.     0.     0.     0.     0.     0.     0.     0.     0.     0.     0.
  -1.    -1.    -1.    -1.    -1.    -1.     0.   ]
 [ 0.    -1.     0.     0.     0.     0.     0.     0.04   0.     0.    -0.941  0.353 -0.412
   0.     0.     0.941 -0.353  0.412  0.016  0.016]
 [ 0.     0.     0.     0.     0.     1.     0.    -1.8    0.     0.     2.647 -4.118  1.471
   0.     0.    -2.647  4.118 -1.471  0.141  0.141]
 [ 0.     0.    -1.     1.     0.     0.     0.     0.04   0.    -0.7   -0.2   -0.1    0.
   0.     0.7    0.2    0.1    0.     0.     0.   ]
 [ 0.     0.     0.     0.     0.     0.     0.    -0.376  1.    -1.1    0.6   -0.5    0.
  -1.     1.1   -0.6    0.5    0.     0.184  0.184]
 [ 0.     0.     0.     0.     0.     0.     1.     1.1    0.    -2.5    2.5    0.     0.
   0.     2.5   -2.5    0.     0.     0.1    0.1  ]
 [ 0.     0.     0.     0.     0.     0.     0.     0.     0.     1.    -1.059  0.647 -0.588
   0.    -1.     1.059 -0.647  0.588  0.024  0.024]
 [ 0.     0.     0.     0.     1.     0.     0.     1.7    0.     0.    -2.5    2.5    0.
   0.     0.     2.5   -2.5    0.     0.7    0.7  ]]
pivot completed
[[ 1.     0.     0.     0.     0.     0.     0.     0.     0.     0.     0.     0.     0.
  -1.    -1.    -1.    -1.    -1.    -1.     0.   ]
 [ 0.    -1.     0.     0.     0.     0.     0.     0.04   0.     0.    -0.941  0.353 -0.412
   0.     0.     0.941 -0.353  0.412  0.016  0.016]
 [ 0.     0.     0.     0.     0.     1.     0.    -1.8    0.     0.     2.647 -4.118  1.471
   0.     0.    -2.647  4.118 -1.471  0.141  0.141]
 [ 0.     0.    -1.     1.     0.     0.     0.     0.04   0.     0.    -0.941  0.353 -0.412
   0.     0.     0.941 -0.353  0.412  0.016  0.016]
 [ 0.     0.     0.     0.     0.     0.     0.    -0.376  1.    -1.1    0.6   -0.5    0.
  -1.     1.1   -0.6    0.5    0.     0.184  0.184]
 [ 0.     0.     0.     0.     0.     0.     1.     1.1    0.    -2.5    2.5    0.     0.
   0.     2.5   -2.5    0.     0.     0.1    0.1  ]
 [ 0.     0.     0.     0.     0.     0.     0.     0.     0.     1.    -1.059  0.647 -0.588
   0.    -1.     1.059 -0.647  0.588  0.024  0.024]
 [ 0.     0.     0.     0.     1.     0.     0.     1.7    0.     0.    -2.5    2.5    0.
   0.     0.     2.5   -2.5    0.     0.7    0.7  ]]
pivot completed
[[ 1.     0.     0.     0.     0.     0.     0.     0.     0.     0.     0.     0.     0.
  -1.    -1.    -1.    -1.    -1.    -1.     0.   ]
 [ 0.    -1.     0.     0.     0.     0.     0.     0.04   0.     0.    -0.941  0.353 -0.412
   0.     0.     0.941 -0.353  0.412  0.016  0.016]
 [ 0.     0.     0.     0.     0.     1.     0.    -1.8    0.     0.     2.647 -4.118  1.471
   0.     0.    -2.647  4.118 -1.471  0.141  0.141]
 [ 0.     0.    -1.     1.     0.     0.     0.     0.04   0.     0.    -0.941  0.353 -0.412
   0.     0.     0.941 -0.353  0.412  0.016  0.016]
 [ 0.     0.     0.     0.     0.     0.     0.    -0.376  1.     0.    -0.565  0.212 -0.647
  -1.     0.     0.565 -0.212  0.647  0.21   0.21 ]
 [ 0.     0.     0.     0.     0.     0.     1.     1.1    0.    -2.5    2.5    0.     0.
   0.     2.5   -2.5    0.     0.     0.1    0.1  ]
 [ 0.     0.     0.     0.     0.     0.     0.     0.     0.     1.    -1.059  0.647 -0.588
   0.    -1.     1.059 -0.647  0.588  0.024  0.024]
 [ 0.     0.     0.     0.     1.     0.     0.     1.7    0.     0.    -2.5    2.5    0.
   0.     0.     2.5   -2.5    0.     0.7    0.7  ]]
pivot completed
[[ 1.     0.     0.     0.     0.     0.     0.     0.     0.     0.     0.     0.     0.
  -1.    -1.    -1.    -1.    -1.    -1.     0.   ]
 [ 0.    -1.     0.     0.     0.     0.     0.     0.04   0.     0.    -0.941  0.353 -0.412
   0.     0.     0.941 -0.353  0.412  0.016  0.016]
 [ 0.     0.     0.     0.     0.     1.     0.    -1.8    0.     0.     2.647 -4.118  1.471
   0.     0.    -2.647  4.118 -1.471  0.141  0.141]
 [ 0.     0.    -1.     1.     0.     0.     0.     0.04   0.     0.    -0.941  0.353 -0.412
   0.     0.     0.941 -0.353  0.412  0.016  0.016]
 [ 0.     0.     0.     0.     0.     0.     0.    -0.376  1.     0.    -0.565  0.212 -0.647
  -1.     0.     0.565 -0.212  0.647  0.21   0.21 ]
 [ 0.     0.     0.     0.     0.     0.     1.     1.1    0.     0.    -0.147  1.618 -1.471
   0.     0.     0.147 -1.618  1.471  0.159  0.159]
 [ 0.     0.     0.     0.     0.     0.     0.     0.     0.     1.    -1.059  0.647 -0.588
   0.    -1.     1.059 -0.647  0.588  0.024  0.024]
 [ 0.     0.     0.     0.     1.     0.     0.     1.7    0.     0.    -2.5    2.5    0.
   0.     0.     2.5   -2.5    0.     0.7    0.7  ]]
pivot completed
[[ 1.     0.     0.     0.     0.     0.     0.     0.     0.     0.     0.     0.     0.
  -1.    -1.    -1.    -1.    -1.    -1.     0.   ]
 [ 0.    -1.     0.     0.     0.     0.     0.     0.04   0.     0.    -0.941  0.353 -0.412
   0.     0.     0.941 -0.353  0.412  0.016  0.016]
 [ 0.     0.     0.     0.     0.     1.     0.    -1.8    0.     0.     2.647 -4.118  1.471
   0.     0.    -2.647  4.118 -1.471  0.141  0.141]
 [ 0.     0.    -1.     1.     0.     0.     0.     0.04   0.     0.    -0.941  0.353 -0.412
   0.     0.     0.941 -0.353  0.412  0.016  0.016]
 [ 0.     0.     0.     0.     0.     0.     0.    -0.376  1.     0.    -0.565  0.212 -0.647
  -1.     0.     0.565 -0.212  0.647  0.21   0.21 ]
 [ 0.     0.     0.     0.     0.     0.     1.     1.1    0.     0.    -0.147  1.618 -1.471
   0.     0.     0.147 -1.618  1.471  0.159  0.159]
 [ 0.     0.     0.     0.     0.     0.     0.     0.     0.     1.    -1.059  0.647 -0.588
   0.    -1.     1.059 -0.647  0.588  0.024  0.024]
 [ 0.     0.     0.     0.     1.     0.     0.     1.7    0.     0.    -2.5    2.5    0.
   0.     0.     2.5   -2.5    0.     0.7    0.7  ]]
optimized!
[[ 1.     0.     0.     0.     0.     0.     0.     0.     0.     0.     0.     0.     0.
  -1.    -1.    -1.    -1.    -1.    -1.     0.   ]
 [ 0.    -1.     0.     0.     0.     0.     0.     0.04   0.     0.    -0.941  0.353 -0.412
   0.     0.     0.941 -0.353  0.412  0.016  0.016]
 [ 0.     0.     0.     0.     0.     1.     0.    -1.8    0.     0.     2.647 -4.118  1.471
   0.     0.    -2.647  4.118 -1.471  0.141  0.141]
 [ 0.     0.    -1.     1.     0.     0.     0.     0.04   0.     0.    -0.941  0.353 -0.412
   0.     0.     0.941 -0.353  0.412  0.016  0.016]
 [ 0.     0.     0.     0.     0.     0.     0.    -0.376  1.     0.    -0.565  0.212 -0.647
  -1.     0.     0.565 -0.212  0.647  0.21   0.21 ]
 [ 0.     0.     0.     0.     0.     0.     1.     1.1    0.     0.    -0.147  1.618 -1.471
   0.     0.     0.147 -1.618  1.471  0.159  0.159]
 [ 0.     0.     0.     0.     0.     0.     0.     0.     0.     1.    -1.059  0.647 -0.588
   0.    -1.     1.059 -0.647  0.588  0.024  0.024]
 [ 0.     0.     0.     0.     1.     0.     0.     1.7    0.     0.    -2.5    2.5    0.
   0.     0.     2.5   -2.5    0.     0.7    0.7  ]]
Minima at 0.0
[[ 1.     0.     0.     0.     0.     0.     0.     0.     0.     0.     0.     0.     0.
  -1.    -1.    -1.    -1.    -1.    -1.     0.   ]
 [ 0.    -1.     0.     0.     0.     0.     0.     0.04   0.     0.    -0.941  0.353 -0.412
   0.     0.     0.941 -0.353  0.412  0.016  0.016]
 [ 0.     0.     0.     0.     0.     1.     0.    -1.8    0.     0.     2.647 -4.118  1.471
   0.     0.    -2.647  4.118 -1.471  0.141  0.141]
 [ 0.     0.    -1.     1.     0.     0.     0.     0.04   0.     0.    -0.941  0.353 -0.412
   0.     0.     0.941 -0.353  0.412  0.016  0.016]
 [ 0.     0.     0.     0.     0.     0.     0.    -0.376  1.     0.    -0.565  0.212 -0.647
  -1.     0.     0.565 -0.212  0.647  0.21   0.21 ]
 [ 0.     0.     0.     0.     0.     0.     1.     1.1    0.     0.    -0.147  1.618 -1.471
   0.     0.     0.147 -1.618  1.471  0.159  0.159]
 [ 0.     0.     0.     0.     0.     0.     0.     0.     0.     1.    -1.059  0.647 -0.588
   0.    -1.     1.059 -0.647  0.588  0.024  0.024]
 [ 0.     0.     0.     0.     1.     0.     0.     1.7    0.     0.    -2.5    2.5    0.
   0.     0.     2.5   -2.5    0.     0.7    0.7  ]]
BFS found
Correct Canonical Form
column can still be optimized
[[-1.     0.     0.     0.     0.     0.     0.04   0.     0.    -0.941  0.353 -0.412  0.016]
 [ 0.     0.     0.     0.     1.     0.    -1.8    0.     0.     2.647 -4.118  1.471  0.141]
 [ 0.    -1.     1.     0.     0.     0.     0.04   0.     0.    -0.941  0.353 -0.412  0.016]
 [ 0.     0.     0.     0.     0.     0.    -0.376  1.     0.    -0.565  0.212 -0.647  0.21 ]
 [ 0.     0.     0.     0.     0.     1.     1.1    0.     0.    -0.147  1.618 -1.471  0.159]
 [ 0.     0.     0.     0.     0.     0.     0.     0.     1.    -1.059  0.647 -0.588  0.024]
 [ 0.     0.     0.     1.     0.     0.     1.7    0.     0.    -2.5    2.5    0.     0.7  ]]
Not solved
[[-1.     0.     0.     0.     0.     0.     0.04   0.     0.    -0.941  0.353 -0.412  0.016]
 [ 0.     0.     0.     0.     1.     0.    -1.8    0.     0.     2.647 -4.118  1.471  0.141]
 [ 0.    -1.     1.     0.     0.     0.     0.04   0.     0.    -0.941  0.353 -0.412  0.016]
 [ 0.     0.     0.     0.     0.     0.    -0.376  1.     0.    -0.565  0.212 -0.647  0.21 ]
 [ 0.     0.     0.     0.     0.     1.     1.1    0.     0.    -0.147  1.618 -1.471  0.159]
 [ 0.     0.     0.     0.     0.     0.     0.     0.     1.    -1.059  0.647 -0.588  0.024]
 [ 0.     0.     0.     1.     0.     0.     1.7    0.     0.    -2.5    2.5    0.     0.7  ]]
pivot completed
[[-1.     0.     0.     0.     0.    -0.036  0.     0.     0.    -0.936  0.294 -0.358  0.011]
 [ 0.     0.     0.     0.     1.     0.    -1.8    0.     0.     2.647 -4.118  1.471  0.141]
 [ 0.    -1.     1.     0.     0.     0.     0.04   0.     0.    -0.941  0.353 -0.412  0.016]
 [ 0.     0.     0.     0.     0.     0.    -0.376  1.     0.    -0.565  0.212 -0.647  0.21 ]
 [ 0.     0.     0.     0.     0.     0.909  1.     0.     0.    -0.134  1.471 -1.337  0.144]
 [ 0.     0.     0.     0.     0.     0.     0.     0.     1.    -1.059  0.647 -0.588  0.024]
 [ 0.     0.     0.     1.     0.     0.     1.7    0.     0.    -2.5    2.5    0.     0.7  ]]
pivot completed
[[-1.     0.     0.     0.     0.    -0.036  0.     0.     0.    -0.936  0.294 -0.358  0.011]
 [ 0.     0.     0.     0.     1.     1.636  0.     0.     0.     2.406 -1.471 -0.936  0.401]
 [ 0.    -1.     1.     0.     0.     0.     0.04   0.     0.    -0.941  0.353 -0.412  0.016]
 [ 0.     0.     0.     0.     0.     0.    -0.376  1.     0.    -0.565  0.212 -0.647  0.21 ]
 [ 0.     0.     0.     0.     0.     0.909  1.     0.     0.    -0.134  1.471 -1.337  0.144]
 [ 0.     0.     0.     0.     0.     0.     0.     0.     1.    -1.059  0.647 -0.588  0.024]
 [ 0.     0.     0.     1.     0.     0.     1.7    0.     0.    -2.5    2.5    0.     0.7  ]]
pivot completed
[[-1.     0.     0.     0.     0.    -0.036  0.     0.     0.    -0.936  0.294 -0.358  0.011]
 [ 0.     0.     0.     0.     1.     1.636  0.     0.     0.     2.406 -1.471 -0.936  0.401]
 [ 0.    -1.     1.     0.     0.    -0.036  0.     0.     0.    -0.936  0.294 -0.358  0.011]
 [ 0.     0.     0.     0.     0.     0.    -0.376  1.     0.    -0.565  0.212 -0.647  0.21 ]
 [ 0.     0.     0.     0.     0.     0.909  1.     0.     0.    -0.134  1.471 -1.337  0.144]
 [ 0.     0.     0.     0.     0.     0.     0.     0.     1.    -1.059  0.647 -0.588  0.024]
 [ 0.     0.     0.     1.     0.     0.     1.7    0.     0.    -2.5    2.5    0.     0.7  ]]
pivot completed
[[-1.     0.     0.     0.     0.    -0.036  0.     0.     0.    -0.936  0.294 -0.358  0.011]
 [ 0.     0.     0.     0.     1.     1.636  0.     0.     0.     2.406 -1.471 -0.936  0.401]
 [ 0.    -1.     1.     0.     0.    -0.036  0.     0.     0.    -0.936  0.294 -0.358  0.011]
 [ 0.     0.     0.     0.     0.     0.342  0.     1.     0.    -0.615  0.765 -1.15   0.264]
 [ 0.     0.     0.     0.     0.     0.909  1.     0.     0.    -0.134  1.471 -1.337  0.144]
 [ 0.     0.     0.     0.     0.     0.     0.     0.     1.    -1.059  0.647 -0.588  0.024]
 [ 0.     0.     0.     1.     0.     0.     1.7    0.     0.    -2.5    2.5    0.     0.7  ]]
pivot completed
[[-1.     0.     0.     0.     0.    -0.036  0.     0.     0.    -0.936  0.294 -0.358  0.011]
 [ 0.     0.     0.     0.     1.     1.636  0.     0.     0.     2.406 -1.471 -0.936  0.401]
 [ 0.    -1.     1.     0.     0.    -0.036  0.     0.     0.    -0.936  0.294 -0.358  0.011]
 [ 0.     0.     0.     0.     0.     0.342  0.     1.     0.    -0.615  0.765 -1.15   0.264]
 [ 0.     0.     0.     0.     0.     0.909  1.     0.     0.    -0.134  1.471 -1.337  0.144]
 [ 0.     0.     0.     0.     0.     0.     0.     0.     1.    -1.059  0.647 -0.588  0.024]
 [ 0.     0.     0.     1.     0.     0.     1.7    0.     0.    -2.5    2.5    0.     0.7  ]]
pivot completed
[[-1.     0.     0.     0.     0.    -0.036  0.     0.     0.    -0.936  0.294 -0.358  0.011]
 [ 0.     0.     0.     0.     1.     1.636  0.     0.     0.     2.406 -1.471 -0.936  0.401]
 [ 0.    -1.     1.     0.     0.    -0.036  0.     0.     0.    -0.936  0.294 -0.358  0.011]
 [ 0.     0.     0.     0.     0.     0.342  0.     1.     0.    -0.615  0.765 -1.15   0.264]
 [ 0.     0.     0.     0.     0.     0.909  1.     0.     0.    -0.134  1.471 -1.337  0.144]
 [ 0.     0.     0.     0.     0.     0.     0.     0.     1.    -1.059  0.647 -0.588  0.024]
 [ 0.     0.     0.     1.     0.    -1.545  0.     0.     0.    -2.273  0.     2.273  0.455]]
column can still be optimized
[[-1.     0.     0.     0.     0.    -0.036  0.     0.     0.    -0.936  0.294 -0.358  0.011]
 [ 0.     0.     0.     0.     1.     1.636  0.     0.     0.     2.406 -1.471 -0.936  0.401]
 [ 0.    -1.     1.     0.     0.    -0.036  0.     0.     0.    -0.936  0.294 -0.358  0.011]
 [ 0.     0.     0.     0.     0.     0.342  0.     1.     0.    -0.615  0.765 -1.15   0.264]
 [ 0.     0.     0.     0.     0.     0.909  1.     0.     0.    -0.134  1.471 -1.337  0.144]
 [ 0.     0.     0.     0.     0.     0.     0.     0.     1.    -1.059  0.647 -0.588  0.024]
 [ 0.     0.     0.     1.     0.    -1.545  0.     0.     0.    -2.273  0.     2.273  0.455]]
Not solved
[[-1.     0.     0.     0.     0.    -0.036  0.     0.     0.    -0.936  0.294 -0.358  0.011]
 [ 0.     0.     0.     0.     1.     1.636  0.     0.     0.     2.406 -1.471 -0.936  0.401]
 [ 0.    -1.     1.     0.     0.    -0.036  0.     0.     0.    -0.936  0.294 -0.358  0.011]
 [ 0.     0.     0.     0.     0.     0.342  0.     1.     0.    -0.615  0.765 -1.15   0.264]
 [ 0.     0.     0.     0.     0.     0.909  1.     0.     0.    -0.134  1.471 -1.337  0.144]
 [ 0.     0.     0.     0.     0.     0.     0.     0.     1.    -1.059  0.647 -0.588  0.024]
 [ 0.     0.     0.     1.     0.    -1.545  0.     0.     0.    -2.273  0.     2.273  0.455]]
pivot completed
[[-1.     0.     0.     0.     0.    -0.036  0.     0.    -0.455 -0.455  0.    -0.091  0.   ]
 [ 0.     0.     0.     0.     1.     1.636  0.     0.     0.     2.406 -1.471 -0.936  0.401]
 [ 0.    -1.     1.     0.     0.    -0.036  0.     0.     0.    -0.936  0.294 -0.358  0.011]
 [ 0.     0.     0.     0.     0.     0.342  0.     1.     0.    -0.615  0.765 -1.15   0.264]
 [ 0.     0.     0.     0.     0.     0.909  1.     0.     0.    -0.134  1.471 -1.337  0.144]
 [ 0.     0.     0.     0.     0.     0.     0.     0.     1.545 -1.636  1.    -0.909  0.036]
 [ 0.     0.     0.     1.     0.    -1.545  0.     0.     0.    -2.273  0.     2.273  0.455]]
pivot completed
[[-1.     0.     0.     0.     0.    -0.036  0.     0.    -0.455 -0.455  0.    -0.091  0.   ]
 [ 0.     0.     0.     0.     1.     1.636  0.     0.     2.273  0.     0.    -2.273  0.455]
 [ 0.    -1.     1.     0.     0.    -0.036  0.     0.     0.    -0.936  0.294 -0.358  0.011]
 [ 0.     0.     0.     0.     0.     0.342  0.     1.     0.    -0.615  0.765 -1.15   0.264]
 [ 0.     0.     0.     0.     0.     0.909  1.     0.     0.    -0.134  1.471 -1.337  0.144]
 [ 0.     0.     0.     0.     0.     0.     0.     0.     1.545 -1.636  1.    -0.909  0.036]
 [ 0.     0.     0.     1.     0.    -1.545  0.     0.     0.    -2.273  0.     2.273  0.455]]
pivot completed
[[-1.     0.     0.     0.     0.    -0.036  0.     0.    -0.455 -0.455  0.    -0.091  0.   ]
 [ 0.     0.     0.     0.     1.     1.636  0.     0.     2.273  0.     0.    -2.273  0.455]
 [ 0.    -1.     1.     0.     0.    -0.036  0.     0.    -0.455 -0.455  0.    -0.091  0.   ]
 [ 0.     0.     0.     0.     0.     0.342  0.     1.     0.    -0.615  0.765 -1.15   0.264]
 [ 0.     0.     0.     0.     0.     0.909  1.     0.     0.    -0.134  1.471 -1.337  0.144]
 [ 0.     0.     0.     0.     0.     0.     0.     0.     1.545 -1.636  1.    -0.909  0.036]
 [ 0.     0.     0.     1.     0.    -1.545  0.     0.     0.    -2.273  0.     2.273  0.455]]
pivot completed
[[-1.     0.     0.     0.     0.    -0.036  0.     0.    -0.455 -0.455  0.    -0.091  0.   ]
 [ 0.     0.     0.     0.     1.     1.636  0.     0.     2.273  0.     0.    -2.273  0.455]
 [ 0.    -1.     1.     0.     0.    -0.036  0.     0.    -0.455 -0.455  0.    -0.091  0.   ]
 [ 0.     0.     0.     0.     0.     0.342  0.     1.    -1.182  0.636  0.    -0.455  0.236]
 [ 0.     0.     0.     0.     0.     0.909  1.     0.     0.    -0.134  1.471 -1.337  0.144]
 [ 0.     0.     0.     0.     0.     0.     0.     0.     1.545 -1.636  1.    -0.909  0.036]
 [ 0.     0.     0.     1.     0.    -1.545  0.     0.     0.    -2.273  0.     2.273  0.455]]
pivot completed
[[-1.     0.     0.     0.     0.    -0.036  0.     0.    -0.455 -0.455  0.    -0.091  0.   ]
 [ 0.     0.     0.     0.     1.     1.636  0.     0.     2.273  0.     0.    -2.273  0.455]
 [ 0.    -1.     1.     0.     0.    -0.036  0.     0.    -0.455 -0.455  0.    -0.091  0.   ]
 [ 0.     0.     0.     0.     0.     0.342  0.     1.    -1.182  0.636  0.    -0.455  0.236]
 [ 0.     0.     0.     0.     0.     0.909  1.     0.    -2.273  2.273  0.     0.     0.091]
 [ 0.     0.     0.     0.     0.     0.     0.     0.     1.545 -1.636  1.    -0.909  0.036]
 [ 0.     0.     0.     1.     0.    -1.545  0.     0.     0.    -2.273  0.     2.273  0.455]]
pivot completed
[[-1.     0.     0.     0.     0.    -0.036  0.     0.    -0.455 -0.455  0.    -0.091  0.   ]
 [ 0.     0.     0.     0.     1.     1.636  0.     0.     2.273  0.     0.    -2.273  0.455]
 [ 0.    -1.     1.     0.     0.    -0.036  0.     0.    -0.455 -0.455  0.    -0.091  0.   ]
 [ 0.     0.     0.     0.     0.     0.342  0.     1.    -1.182  0.636  0.    -0.455  0.236]
 [ 0.     0.     0.     0.     0.     0.909  1.     0.    -2.273  2.273  0.     0.     0.091]
 [ 0.     0.     0.     0.     0.     0.     0.     0.     1.545 -1.636  1.    -0.909  0.036]
 [ 0.     0.     0.     1.     0.    -1.545  0.     0.     0.    -2.273  0.     2.273  0.455]]
optimized!
[[-1.     0.     0.     0.     0.    -0.036  0.     0.    -0.455 -0.455  0.    -0.091  0.   ]
 [ 0.     0.     0.     0.     1.     1.636  0.     0.     2.273  0.     0.    -2.273  0.455]
 [ 0.    -1.     1.     0.     0.    -0.036  0.     0.    -0.455 -0.455  0.    -0.091  0.   ]
 [ 0.     0.     0.     0.     0.     0.342  0.     1.    -1.182  0.636  0.    -0.455  0.236]
 [ 0.     0.     0.     0.     0.     0.909  1.     0.    -2.273  2.273  0.     0.     0.091]
 [ 0.     0.     0.     0.     0.     0.     0.     0.     1.545 -1.636  1.    -0.909  0.036]
 [ 0.     0.     0.     1.     0.    -1.545  0.     0.     0.    -2.273  0.     2.273  0.455]]
Minima at -0.0
[[-1.     0.     0.     0.     0.    -0.036  0.     0.    -0.455 -0.455  0.    -0.091  0.   ]
 [ 0.     0.     0.     0.     1.     1.636  0.     0.     2.273  0.     0.    -2.273  0.455]
 [ 0.    -1.     1.     0.     0.    -0.036  0.     0.    -0.455 -0.455  0.    -0.091  0.   ]
 [ 0.     0.     0.     0.     0.     0.342  0.     1.    -1.182  0.636  0.    -0.455  0.236]
 [ 0.     0.     0.     0.     0.     0.909  1.     0.    -2.273  2.273  0.     0.     0.091]
 [ 0.     0.     0.     0.     0.     0.     0.     0.     1.545 -1.636  1.    -0.909  0.036]
 [ 0.     0.     0.     1.     0.    -1.545  0.     0.     0.    -2.273  0.     2.273  0.455]]
